 TEST OF SIR Weights:
 ===========================
  1.586617033019306E-002  2.036370714616653E-026  0.984133829669807     
  1.521148635757891E-040  8.084347999859633E-049  4.891162313731870E-143
  1.090119561797948E-047  9.839722023452647E-040  8.333105097741083E-026
  4.898854189435553E-091
 END OF THE TEST
 TEST OF THE OPTIMAL PROPOSAL DENSITY WEIGHTS
 ============================================
  8.752248820273674E-014  1.099284875017802E-030  0.999999999999913     
  1.155966026664552E-049  2.057314038539231E-054  2.274217783804093E-157
  2.770771824823717E-058  8.264509109748260E-040  6.961649286874399E-027
  7.401088716359333E-104
 END OF THE OPTIMAL PROPOSAL DENSITY WEIGHTS
 ALPHA = ,There always are some values that we cannot choose!
  0.632679071097971     
  0.768579002368536     
  0.544369853586246     
  0.956267379520447     
   1.01001439532597     
   3.30453157808324     
   1.05604168839660     
  0.853705307182428     
  0.735665696809414     
   1.78462753138701     
 =======================The Weights Of New Scheme============================
  7.948750830127313E-002  5.335324722037599E-002  0.109693280780501     
  9.618905257704761E-003  2.652700564832224E-003  0.460590691074698     
  1.266165148437441E-002  3.764105877951581E-002  6.165256888512726E-002
  0.172648387651598     
 =======================END OF THE WEIGHTS OF NEW SCHEME=====================
 TEST OF SIR Weights:
 ===========================
  2.430887412686156E-125  4.415855544160763E-102  4.903032551758966E-143
  1.863632308542739E-032  5.120307534968249E-033  3.380720879145415E-072
  4.623622142915446E-013  2.496189506888947E-159  0.999999999999538     
  1.998306932018920E-039
 END OF THE TEST
 TEST OF THE OPTIMAL PROPOSAL DENSITY WEIGHTS
 ============================================
  1.297341118628095E-118  5.579425892019664E-106  7.051195663243910E-141
  5.370054634476906E-035  4.390981473208278E-039  1.160162661929193E-071
  9.181570505577394E-029  2.039754449858857E-156   1.00000000000000     
  3.053557992660528E-045
 END OF THE OPTIMAL PROPOSAL DENSITY WEIGHTS
 ALPHA = ,There always are some values that we cannot choose!
   1.66680909843871     
   1.44117986465656     
   2.15382205360839     
  0.636504150337681     
  0.667172789406300     
  0.970797253350145     
  0.592429325960599     
   2.57574724452163     
  0.428993916286293     
  0.716188103091113     
 =======================The Weights Of New Scheme============================
  0.112971558765246       7.491950230576584E-002  0.220817071295148     
  5.752767639914578E-002  5.704551693621379E-002  4.432867944924510E-003
  7.024651774217629E-002  0.257758896582813       9.824215020147896E-002
  4.603824182708686E-002
 =======================END OF THE WEIGHTS OF NEW SCHEME=====================
 TEST OF SIR Weights:
 ===========================
  0.999991544936508       8.455063491897923E-006  8.563530755070889E-071
  2.577286159032861E-087  2.143161246776153E-065  6.366896549348551E-078
  9.827984923770998E-038  9.233360658483240E-026  5.459843277340323E-065
  5.312617801304176E-118
 END OF THE TEST
 TEST OF THE OPTIMAL PROPOSAL DENSITY WEIGHTS
 ============================================
  0.999999999999634       3.656845448657883E-013  4.649378823958106E-067
  3.098330899220311E-078  6.406980797327229E-060  7.847584385042448E-076
  4.375517957546241E-027  5.848574113533052E-034  1.602179278962368E-056
  1.130507241408823E-110
 END OF THE OPTIMAL PROPOSAL DENSITY WEIGHTS
 ALPHA = ,There always are some values that we cannot choose!
  0.552134063372042     
  0.637131398817975     
   1.18497057643441     
   1.34768657559358     
   1.09146867046762     
   1.31090391767898     
  0.747892871842472     
  0.809485905478611     
   1.04959314540618     
   1.95784440623720     
 =======================The Weights Of New Scheme============================
  0.140686697247102       0.116966004252319       5.095945734007283E-002
  0.109697008587064       2.767425404928875E-002  8.718604415931248E-002
  7.872121289909047E-002  6.332465107107499E-002  1.540240583884349E-002
  0.309382264555833     
 =======================END OF THE WEIGHTS OF NEW SCHEME=====================
 TEST OF SIR Weights:
 ===========================
  5.244280950631869E-075  7.865578116429589E-015  2.071922329884100E-014
  3.241943064190314E-056  2.539160031684865E-108  0.909979459664682     
  9.002054033528921E-002  5.701169903528360E-049  1.260437214413802E-077
  1.547841538424305E-074
 END OF THE TEST
 TEST OF THE OPTIMAL PROPOSAL DENSITY WEIGHTS
 ============================================
  1.364770583006044E-082  1.626467296814601E-018  4.202460049005295E-030
  2.199023427558834E-062  8.471882977972605E-105  0.999944636501589     
  5.536349841104370E-005  7.530470482996437E-051  1.471054551493760E-077
  7.071889562712829E-068
 END OF THE OPTIMAL PROPOSAL DENSITY WEIGHTS
 ALPHA = ,There always are some values that we cannot choose!
   1.45466605254218     
  0.695636522593124     
  0.794915717450970     
   1.15272962026813     
   1.87844594605712     
  0.566811590446030     
  0.595281635167427     
   1.00937952644790     
   1.37277846662065     
   1.22797895725156     
 =======================The Weights Of New Scheme============================
  0.123902063243010       8.270484221243689E-002  5.813464133546071E-002
  5.003510727493257E-002  0.277670264296718       0.133697508407840     
  0.116831115623942       2.502616661655191E-003  9.486836571874198E-002
  5.965347522526272E-002
 =======================END OF THE WEIGHTS OF NEW SCHEME=====================
 TEST OF SIR Weights:
 ===========================
  9.338092544548628E-067  2.773883670455559E-148  1.944503615317612E-088
  2.081649912261870E-024  9.131062769535485E-144  6.287654395665296E-147
  1.684202321317647E-134  6.689852911329618E-161   1.00000000000000     
  2.093069044998405E-133
 END OF THE TEST
 TEST OF THE OPTIMAL PROPOSAL DENSITY WEIGHTS
 ============================================
  1.086280753080655E-064  3.602655201314883E-147  8.335014114261769E-086
  1.340402877549393E-025  4.646509887632935E-142  1.460274783815654E-138
  1.454406876873223E-121  9.279942314416441E-157   1.00000000000000     
  1.470634118462809E-131
 END OF THE OPTIMAL PROPOSAL DENSITY WEIGHTS
 ALPHA = ,There always are some values that we cannot choose!
  0.654945694421781     
   1.69278533659227     
  0.835180739268680     
  0.417588783681875     
   1.59606056589944     
   1.53307297846358     
   1.26058336651928     
   1.89037199804634     
  0.313606461238292     
   1.41431933528584     
 =======================The Weights Of New Scheme============================
  6.300963788200288E-002  0.106869342845584       3.187274264058804E-002
  0.120416812285765       0.124945867303582       9.927603351659366E-002
  5.108426793793681E-002  0.177773732418064       0.150440176626799     
  7.431138654308443E-002
 =======================END OF THE WEIGHTS OF NEW SCHEME=====================
 TEST OF SIR Weights:
 ===========================
  8.194958176297532E-138  1.914129423152709E-082  1.581717528524735E-104
  7.925874872687526E-066  2.596295097213319E-101   1.00000000000000     
  5.896710085776002E-081  7.871427795458454E-106  3.745594442058920E-137
  8.267435383283042E-040
 END OF THE TEST
 TEST OF THE OPTIMAL PROPOSAL DENSITY WEIGHTS
 ============================================
  1.142017932076393E-112  4.944358916612035E-065  3.661662583702647E-101
  1.502608068553647E-056  1.308381751388088E-085   1.00000000000000     
  4.449907055684443E-077  8.324641726026113E-093  3.906144999845435E-132
  9.128302415184595E-026
 END OF THE OPTIMAL PROPOSAL DENSITY WEIGHTS
 ALPHA = ,There always are some values that we cannot choose!
   1.54374862411694     
  0.892060682308252     
   1.35221751367404     
  0.809059980296362     
   1.13052787685041     
  0.425466086062586     
   1.02476242668213     
   1.22818310924408     
   1.93155111899334     
  0.567626938479453     
 =======================The Weights Of New Scheme============================
  0.157846587644092       3.115331691361028E-002  0.107163477190232     
  5.742371597496070E-002  3.653793108370790E-002  0.149666022014048     
  7.121746313654322E-003  7.176635417326986E-002  0.242390677167393     
  0.138930171525032     
 =======================END OF THE WEIGHTS OF NEW SCHEME=====================
 TEST OF SIR Weights:
 ===========================
  2.467566208873007E-044  9.088219999581349E-004  7.629019963745202E-049
  4.016525055939666E-054  3.226758879461385E-010  2.696797208372788E-082
  0.999091174582160       1.830293367136466E-030  3.095205462712878E-009
  2.824875078446626E-024
 END OF THE TEST
 TEST OF THE OPTIMAL PROPOSAL DENSITY WEIGHTS
 ============================================
  1.218739351575500E-047  4.537560151503364E-009  8.802711169084475E-049
  3.610819849955147E-055  1.391383432286034E-021  1.479236834367860E-085
  0.999999995462421       1.114469494976336E-036  1.830458691793192E-014
  1.307945686877255E-034
 END OF THE OPTIMAL PROPOSAL DENSITY WEIGHTS
 ALPHA = ,There always are some values that we cannot choose!
   1.15096674252912     
  0.738258093735785     
   1.16618982174874     
   1.25517505561134     
  0.852658439091014     
   1.78091068827440     
  0.670644440831975     
   1.01451153191549     
  0.785560303537460     
  0.990625220085772     
 =======================The Weights Of New Scheme============================
  6.454651107761752E-002  0.109778096660203       7.066877370638319E-002
  0.105191425906684       6.758011428208222E-002  0.349888413147082     
  0.122148756583770       7.394190702734721E-003  9.867471838309233E-002
  4.128999550351076E-003
 =======================END OF THE WEIGHTS OF NEW SCHEME=====================
 TEST OF SIR Weights:
 ===========================
  1.459288934292104E-068  1.503199503191591E-129  9.680343425421368E-044
   1.00000000000000       1.230222114919319E-125  2.797118920481695E-139
  1.147149107931618E-146  8.453155536796248E-107  4.050723456490901E-162
  2.340106369349699E-056
 END OF THE TEST
 TEST OF THE OPTIMAL PROPOSAL DENSITY WEIGHTS
 ============================================
  1.256415913650204E-057  1.729092866416164E-115  2.776754140501902E-052
   1.00000000000000       1.213116179359107E-111  6.797479267894377E-127
  8.710595264272122E-128  1.239844403740445E-091  5.132409494415909E-145
  7.813325822585432E-051
 END OF THE OPTIMAL PROPOSAL DENSITY WEIGHTS
 ALPHA = ,There always are some values that we cannot choose!
  0.704970572577945     
   1.37239006124235     
  0.662901449609475     
  0.366156422210105     
   1.31294684489639     
   1.56496603521443     
   1.58112576855288     
   1.04279711247562     
   1.92803560327311     
  0.651932266195305     
 =======================The Weights Of New Scheme============================
  6.797971599305215E-002  8.951026267818486E-002  7.739912489235412E-002
  0.130647886213710       7.558598429655522E-002  0.119616068803444     
  0.138512416052534       1.078380489312088E-002  0.212026216689163     
  7.793851948788172E-002
 =======================END OF THE WEIGHTS OF NEW SCHEME=====================
 TEST OF SIR Weights:
 ===========================
  5.598767005488348E-114  2.498237293532441E-041  1.242341057776534E-055
  1.033084095814524E-108  2.596222277508337E-103  0.999999999999356     
  7.547458700729128E-033  6.438748199152068E-013  3.680430600519946E-083
  9.403419261476564E-055
 END OF THE TEST
 TEST OF THE OPTIMAL PROPOSAL DENSITY WEIGHTS
 ============================================
  6.419261416358619E-100  6.349627177479393E-047  7.912229584722204E-041
  2.697899794306526E-098  1.003696140101526E-084  0.999982171823815     
  2.095323788824245E-030  1.782817618447881E-005  6.597156276558776E-073
  1.366477921477812E-048
 END OF THE OPTIMAL PROPOSAL DENSITY WEIGHTS
 ALPHA = ,There always are some values that we cannot choose!
   1.71868706983691     
  0.933728239752034     
  0.870447817238073     
   1.68686025573443     
   1.44286674412462     
  0.548572804546205     
  0.772018983034390     
  0.579400279523537     
   1.25932391578865     
  0.951823059018429     
 =======================The Weights Of New Scheme============================
  0.212956684769173       2.072284065048543E-002  3.452474725919993E-002
  0.200523811922722       0.137869792876798       0.116096005495834     
  6.516281988845496E-002  0.121734842419675       7.741333920240268E-002
  1.299511551525438E-002
 =======================END OF THE WEIGHTS OF NEW SCHEME=====================
 TEST OF SIR Weights:
 ===========================
  1.339752697027280E-085  3.692376995125750E-043  3.176796496654408E-061
  2.969900489271434E-002  4.742935745892326E-076  1.751992200674942E-136
  2.860301882283797E-006  2.602841895956733E-084  0.970298134805403     
  4.370655144591248E-041
 END OF THE TEST
 TEST OF THE OPTIMAL PROPOSAL DENSITY WEIGHTS
 ============================================
  3.125312529364653E-077  8.095122102096084E-047  1.946624278559093E-061
  7.905669619041238E-010  2.117647891776954E-065  1.926199149841337E-129
  0.496533179584828       4.028151085068964E-071  0.503466819624604     
  6.673157666242683E-043
 END OF THE OPTIMAL PROPOSAL DENSITY WEIGHTS
 ALPHA = ,There always are some values that we cannot choose!
   1.35843748527436     
  0.957134580912472     
   1.13257693709599     
  0.625207862692022     
   1.18545440744428     
   2.47793904251073     
  0.564981702593655     
   1.26616001842485     
  0.564942529526392     
  0.914939689662718     
 =======================The Weights Of New Scheme============================
  8.392864366809023E-002  1.151905991922508E-002  3.937747406612564E-002
  9.262394406245118E-002  5.076654346859941E-002  0.388720105203525     
  0.117083989189845       7.686932824342424E-002  0.117153182224085     
  2.195772995462868E-002
 =======================END OF THE WEIGHTS OF NEW SCHEME=====================
 =================================================
 THE RMSE OF THE TRUTH RUN IS = 
  4.896495814211690E-003
 THE RMSE OF ENSEMBLE MEAN OF SIR IS = 
  0.216340002361751     
 THE RMSE OF ENSEMBLE MEAN OF OPD IS = 
  0.205948527819674     
 THE RMSE OF ENSEMBLE MEAN OF New IS = 
  0.183117455201355     
 =================================================
