 TEST OF SIR Weights:
 ===========================
  8.340590270127420E-027  3.393195166996219E-057  1.172880266771783E-039
  6.019462305801170E-025  8.847108826730756E-058  4.986809499407036E-050
  6.240543210160772E-039  3.918202984068367E-028  4.085571444075518E-078
   1.00000000000000     
 END OF THE TEST
 TEST OF THE OPTIMAL PROPOSAL DENSITY WEIGHTS
 ============================================
  1.778294499441900E-020  9.664799909283575E-048  5.478148124789619E-033
  5.122134016808947E-021  2.397347041092309E-042  1.617862594358217E-036
  1.198909709437418E-032  1.405387162981423E-023  5.052889688673398E-063
   1.00000000000000     
 END OF THE OPTIMAL PROPOSAL DENSITY WEIGHTS
 ALPHA = ,There always are some values that we cannot choose!
  0.699738955344457     
   1.61609491290455     
   1.02743490953853     
  0.711448425007464     
   1.36942953221722     
   1.14503003751628     
   1.01676116111256     
  0.769659832077945     
   2.58358192319483     
  0.381595081320972     
 =======================The Weights Of New Scheme============================
  6.113733788537310E-002  0.163228391682797       6.529323159930846E-003
  7.137287638407808E-002  8.499224173301669E-002  3.805303229182886E-002
  3.692512484695090E-003  4.587338071949402E-002  0.353607854430070     
  0.171513049228716     
 =======================END OF THE WEIGHTS OF NEW SCHEME=====================
 TEST OF SIR Weights:
 ===========================
  4.280835141310546E-080  7.812234543922243E-034  6.131100525852235E-044
  1.105861328763538E-056   1.00000000000000       1.198768832243363E-042
  2.590349686542893E-034  4.870268499847429E-091  5.843452890794062E-043
  8.133902989999609E-029
 END OF THE TEST
 TEST OF THE OPTIMAL PROPOSAL DENSITY WEIGHTS
 ============================================
  2.589408199369143E-078  5.149993009830931E-031  9.610663626365091E-040
  8.751177858776782E-056   1.00000000000000       9.501583496668545E-043
  4.632979149342381E-032  9.386809315899104E-081  8.077151686873475E-039
  9.927570667985747E-024
 END OF THE OPTIMAL PROPOSAL DENSITY WEIGHTS
 ALPHA = ,There always are some values that we cannot choose!
   3.01474647860805     
  0.705671722661414     
  0.922550379359056     
   1.50961400655872     
  0.278458280366957     
   1.01171034381589     
  0.728699825504509     
   3.24932558513366     
  0.896733429656468     
  0.564246530049152     
 =======================The Weights Of New Scheme============================
  0.314633840905699       4.504565571553764E-002  1.162715508510947E-002
  7.981642582108428E-002  0.121636118791977       1.430587160193350E-003
  3.670221759422840E-002  0.322193456194404       1.474891346212107E-002
  5.216562926964576E-002
 =======================END OF THE WEIGHTS OF NEW SCHEME=====================
 TEST OF SIR Weights:
 ===========================
  7.149443863016320E-013  3.213750368599225E-040  0.999999999999285     
  3.956055135835477E-039  8.175245337249910E-032  1.949584666373169E-049
  7.628455668574077E-038  3.321681992875848E-041  2.264122137435125E-036
  3.645040491075139E-036
 END OF THE TEST
 TEST OF THE OPTIMAL PROPOSAL DENSITY WEIGHTS
 ============================================
  1.240695065794537E-013  8.522657947563679E-034  0.999999999999876     
  2.950209569745422E-039  7.387061400967383E-037  3.137682228369031E-048
  6.284478705160731E-039  6.538887377539084E-038  2.740530937777328E-030
  8.448447241485892E-035
 END OF THE OPTIMAL PROPOSAL DENSITY WEIGHTS
 ALPHA = ,There always are some values that we cannot choose!
  0.578808024876282     
   1.07491901058600     
  0.389448538000499     
   1.27111654892996     
   1.18087461935916     
   1.67428206491877     
   1.25836458662505     
   1.21967285906524     
  0.965188817708969     
   1.10856131520430     
 =======================The Weights Of New Scheme============================
  0.163180155306000       2.720590123100364E-002  0.220308069406829     
  8.565362816230773E-002  5.571852625782855E-002  0.245235406488914     
  7.736844710358036E-002  8.041081523970933E-002  1.197071888695943E-002
  3.294833191686766E-002
 =======================END OF THE WEIGHTS OF NEW SCHEME=====================
 TEST OF SIR Weights:
 ===========================
  2.460574918184540E-029  1.418673860472322E-061  8.117178655989696E-016
  2.584967747112566E-053  4.652728148774495E-038  1.450362265171162E-069
  3.681545279571677E-013  1.687632238127676E-026  0.999999999999631     
  2.529590965550503E-079
 END OF THE TEST
 TEST OF THE OPTIMAL PROPOSAL DENSITY WEIGHTS
 ============================================
  2.378285937400667E-023  1.851922074994792E-047  3.184304950358250E-015
  1.605874113294346E-046  7.364887921306788E-030  6.597077260505646E-064
  1.885329988098815E-013  1.184072443813408E-020  0.999999999999808     
  2.604784277866059E-072
 END OF THE OPTIMAL PROPOSAL DENSITY WEIGHTS
 ALPHA = ,There always are some values that we cannot choose!
  0.735734920824389     
   1.54230377394399     
  0.573277233959392     
   1.49851836839837     
  0.898481919736546     
   2.55552540739177     
  0.542916522977499     
  0.677266894050359     
  0.367342821487311     
   3.30771386656847     
 =======================The Weights Of New Scheme============================
  3.859872428667118E-002  8.036670964570922E-002  5.727165181697505E-002
  7.859176573292236E-002  1.241023499092815E-002  0.201884191183057     
  6.923061068098746E-002  4.251849903718318E-002  0.103436839007341     
  0.315690773618225     
 =======================END OF THE WEIGHTS OF NEW SCHEME=====================
 TEST OF SIR Weights:
 ===========================
  4.041113202691328E-048  2.053137339803023E-029  2.851448781552025E-054
  6.000341864375563E-046  1.016649215074622E-078  2.433841543500353E-043
  1.207460426924984E-044  1.884125498310782E-071  3.712225716347085E-050
   1.00000000000000     
 END OF THE TEST
 TEST OF THE OPTIMAL PROPOSAL DENSITY WEIGHTS
 ============================================
  1.329286564983192E-040  2.992972232343875E-023  1.721552118863212E-050
  1.197027254228458E-038  5.074526890538637E-066  4.053811131434248E-040
  1.073366534096034E-038  2.377893354071896E-060  4.019786821486959E-046
   1.00000000000000     
 END OF THE OPTIMAL PROPOSAL DENSITY WEIGHTS
 ALPHA = ,There always are some values that we cannot choose!
   1.00308087280831     
  0.588802296047629     
   1.35885128176965     
  0.944661342581363     
   2.18899913489618     
  0.988278507220640     
  0.946035768120763     
   1.83922544131151     
   1.18830563639043     
  0.294883765795589     
 =======================The Weights Of New Scheme============================
  7.355048456026494E-004  0.108838276062134       8.375625558407594E-002
  1.484553123665895E-002  0.323674362652039       3.188641812995600E-003
  1.143201365590673E-002  0.232756972767443       4.586847978916700E-002
  0.174903961593978     
 =======================END OF THE WEIGHTS OF NEW SCHEME=====================
 TEST OF SIR Weights:
 ===========================
  1.161241673293098E-052  1.994624885106955E-082  6.782569396529433E-044
  1.931871593192484E-091  1.554811832787569E-014  0.999999999999984     
  3.862720994471498E-062  1.136793877929210E-037  2.085456445640364E-025
  6.742153607112089E-054
 END OF THE TEST
 TEST OF THE OPTIMAL PROPOSAL DENSITY WEIGHTS
 ============================================
  1.271432906697126E-058  9.048437029910597E-076  2.266470968859784E-036
  3.353392822560330E-085  4.276868436394108E-018   1.00000000000000     
  8.452390493468143E-058  4.989879179460233E-036  4.446985272432213E-026
  1.501130650739367E-053
 END OF THE OPTIMAL PROPOSAL DENSITY WEIGHTS
 ALPHA = ,There always are some values that we cannot choose!
   1.52746967081139     
   2.58588293884225     
  0.771421679025075     
   3.45427346099092     
  0.440164314274953     
  0.258243763163074     
   1.48937290105343     
  0.763346949887089     
  0.562413364883331     
   1.30720668989479     
 =======================The Weights Of New Scheme============================
  6.650258482719155E-002  0.221508972630521       2.741623957439221E-002
  0.316706226577201       7.160975018506133E-002  9.799262529851642E-002
  7.265665219950071E-002  2.971765291425886E-002  5.392170236180995E-002
  4.196759343154645E-002
 =======================END OF THE WEIGHTS OF NEW SCHEME=====================
 TEST OF SIR Weights:
 ===========================
  5.893715938975909E-094  2.410356500028184E-015  0.999999999999997     
  3.815714782074315E-073  1.680852622401932E-034  3.342725121247551E-019
  4.795484666064636E-089  5.469716674880124E-050  4.258465213691288E-036
  5.225538852923960E-044
 END OF THE TEST
 TEST OF THE OPTIMAL PROPOSAL DENSITY WEIGHTS
 ============================================
  6.517215173322974E-087  2.244800451322856E-009  0.999999997755196     
  2.646403414629461E-061  1.350339261951861E-033  3.751579835622759E-015
  4.347108989628091E-075  5.324577404482886E-044  1.662205784002932E-028
  2.724813060625581E-035
 END OF THE OPTIMAL PROPOSAL DENSITY WEIGHTS
 ALPHA = ,There always are some values that we cannot choose!
   4.35408182162718     
  0.402780444581916     
  0.308852233850921     
   1.98357518338767     
  0.847249864810886     
  0.480944051492271     
   3.02859643242775     
   1.16609413641418     
  0.724672225254176     
  0.892509657178242     
 =======================The Weights Of New Scheme============================
  0.366050014962834       7.539099495130556E-002  7.150871026499338E-002
  0.119239082972730       1.868632326947943E-002  6.950342082821606E-002
  0.208147966548921       1.806394378141491E-002  4.039638512699607E-002
  1.301315729310967E-002
 =======================END OF THE WEIGHTS OF NEW SCHEME=====================
 TEST OF SIR Weights:
 ===========================
  0.981443974273514       7.144358091284466E-006  1.437977704829100E-057
  1.000073355523011E-022  3.986628855194164E-026  1.233197683426133E-008
  4.855563116700102E-048  5.568422022748570E-058  1.522998791156663E-004
  1.839656915730263E-002
 END OF THE TEST
 TEST OF THE OPTIMAL PROPOSAL DENSITY WEIGHTS
 ============================================
  0.999993436724439       9.913156052366808E-011  1.222961299044942E-054
  2.013521288593191E-026  3.173751459164976E-033  1.196166104290987E-017
  2.822087423526199E-039  8.617514150855680E-051  5.278645190413815E-010
  6.562648564957729E-006
 END OF THE OPTIMAL PROPOSAL DENSITY WEIGHTS
 ALPHA = ,There always are some values that we cannot choose!
  0.475543262943864     
  0.646507900030892     
   2.48899768408836     
   1.04665586734801     
   1.28974055612448     
  0.799501793170265     
   1.55303909761435     
   2.21165934774883     
  0.632251248694971     
  0.557565131884573     
 =======================The Weights Of New Scheme============================
  9.030125655717601E-002  7.285831158273089E-002  0.303139504792815     
  6.125964750778068E-003  4.980546503865318E-002  3.558509580287937E-002
  0.103903352263361       0.191930373410206       7.290652724463004E-002
  7.344414855677017E-002
 =======================END OF THE WEIGHTS OF NEW SCHEME=====================
 TEST OF SIR Weights:
 ===========================
  2.327606173284834E-093  4.326796986451966E-009  1.132202621150015E-101
  0.999999995673203       8.077917617331999E-067  2.253376221799518E-059
  5.512202029716242E-042  7.053739605252005E-055  1.260722811333351E-045
  4.373381753419758E-045
 END OF THE TEST
 TEST OF THE OPTIMAL PROPOSAL DENSITY WEIGHTS
 ============================================
  2.432508561321927E-087  1.532726711278105E-006  2.424826058602332E-089
  0.999998467273289       2.067273526347431E-051  7.602563531508967E-053
  2.208498020267735E-039  1.162700064537059E-042  1.535191880463360E-034
  3.409927594457863E-038
 END OF THE OPTIMAL PROPOSAL DENSITY WEIGHTS
 ALPHA = ,There always are some values that we cannot choose!
   3.74881475888484     
  0.313739001282056     
   3.98638247464357     
  0.262446860321098     
   1.24404493343575     
   1.30005553701348     
  0.859910817978420     
  0.950973620765937     
  0.741126832559434     
  0.829095906014926     
 =======================The Weights Of New Scheme============================
  0.354958699979461       7.011198643048723E-002  0.359475669701248     
  8.829038162332184E-002  2.759332124014878E-002  2.842628108649701E-002
  1.552120916658555E-002  5.814702841122439E-003  3.243631376909881E-002
  1.737143416203003E-002
 =======================END OF THE WEIGHTS OF NEW SCHEME=====================
 TEST OF SIR Weights:
 ===========================
  2.829096506791840E-046  1.042017187552819E-093  8.260252612333522E-018
  6.581264863709651E-032  0.380292801108492       0.615490605925212     
  2.174007629060901E-028  4.216592966296064E-003  6.564578820434803E-044
  4.740992055401015E-037
 END OF THE TEST
 TEST OF THE OPTIMAL PROPOSAL DENSITY WEIGHTS
 ============================================
  5.355133116526048E-044  1.363912075757656E-089  1.752074569366763E-019
  1.888241815577257E-029  1.682590740198310E-006  0.996893912239379     
  2.259855961067735E-028  3.104405169880449E-003  2.279861307081041E-046
  2.514488129975869E-035
 END OF THE OPTIMAL PROPOSAL DENSITY WEIGHTS
 ALPHA = ,There always are some values that we cannot choose!
   1.52253053608257     
   6.17285104028047     
  0.717302339763532     
  0.974096943125830     
  0.481507698711795     
  0.403305640567264     
  0.942385376877278     
  0.435568605921663     
   1.63748565049942     
   1.16665815395965     
 =======================The Weights Of New Scheme============================
  6.784010017880993E-002  0.588349212260330       3.252195737395903E-002
  2.942335336229766E-003  7.028925550610525E-002  6.324580854212293E-002
  5.350334759531552E-003  7.943165884142368E-002  7.140977480012728E-002
  1.861956240136086E-002
 =======================END OF THE WEIGHTS OF NEW SCHEME=====================
 =================================================
 THE RMSE OF THE TRUTH RUN IS = 
  7.954018956540515E-003
 THE RMSE OF ENSEMBLE MEAN OF SIR IS = 
  0.324363140597963     
 THE RMSE OF ENSEMBLE MEAN OF OPD IS = 
  0.314904779901053     
 THE RMSE OF ENSEMBLE MEAN OF New IS = 
  0.339578267826050     
 =================================================
