 TEST OF SIR Weights:
 ===========================
  6.505858724963769E-012  1.065843005343106E-030  0.999999999993494     
  1.772401010728222E-019  4.066658091903241E-017  4.007980549391121E-045
  4.658954885442500E-024  5.657591295624724E-070  3.174348929261995E-038
  9.477914692841475E-047
 END OF THE TEST
 TEST OF THE OPTIMAL PROPOSAL DENSITY WEIGHTS
 ============================================
  8.242079920989549E-011  4.261364343757158E-024  0.999999999916514     
  1.913313181834722E-016  1.064670438851893E-012  1.185276531513054E-040
  3.588688653845662E-022  1.583230498101603E-063  2.934080274446519E-037
  3.391781803410283E-039
 END OF THE OPTIMAL PROPOSAL DENSITY WEIGHTS
 ALPHA = ,There always are some values that we cannot choose!
  0.479778559410806     
  0.884648202000646     
  0.301551555137429     
  0.621907581558923     
  0.523380175641064     
   1.89620452584378     
  0.809585752984194     
   5.43714217658571     
   1.62185540576188     
   1.77318077668686     
 =======================The Weights Of New Scheme============================
  5.246218740672771E-002  1.347718318516155E-002  7.182983132458477E-002
  4.085112588868094E-002  6.008982246872194E-002  9.719593270341030E-002
  2.458602271484789E-002  0.496486026135241       6.825872595889268E-002
  7.476314221373176E-002
 =======================END OF THE WEIGHTS OF NEW SCHEME=====================
 TEST OF SIR Weights:
 ===========================
  9.291359641967612E-041  3.764207099808995E-029  7.184866532520093E-041
  4.676654632631033E-023  4.756291375073823E-052  7.492055657473504E-033
  7.158371383177716E-013  0.999999999999284       6.556968266877617E-018
  2.721696677706880E-028
 END OF THE TEST
 TEST OF THE OPTIMAL PROPOSAL DENSITY WEIGHTS
 ============================================
  1.012306200471601E-040  3.073760575195581E-030  2.938584949754720E-038
  1.387914790621185E-019  2.463475750048532E-047  1.759450151147910E-037
  7.718261614312529E-010  0.999999999228170       3.667748762615531E-015
  1.441704066177274E-027
 END OF THE OPTIMAL PROPOSAL DENSITY WEIGHTS
 ALPHA = ,There always are some values that we cannot choose!
   1.90807819667128     
   1.17746770992328     
   1.70349020951140     
  0.720867010044025     
   2.58744687115938     
   1.64359521241751     
  0.460205724952172     
  0.302483999622996     
  0.588050217987850     
   1.04117776382872     
 =======================The Weights Of New Scheme============================
  0.144490776116827       2.714611323814904E-002  0.109696524306385     
  4.683710209577777E-002  0.308855473341388       0.116007496149883     
  7.608001041388616E-002  9.168479953067245E-002  7.175298989783155E-002
  7.448714909200229E-003
 =======================END OF THE WEIGHTS OF NEW SCHEME=====================
 TEST OF SIR Weights:
 ===========================
  8.450139492193168E-025  2.258910661542746E-046  8.310395365700362E-006
  8.705247361597490E-035  7.167872331961874E-028  6.827063823329185E-049
  4.296426704484637E-046  3.887271465637465E-035  8.210293982499836E-027
  0.999991689604634     
 END OF THE TEST
 TEST OF THE OPTIMAL PROPOSAL DENSITY WEIGHTS
 ============================================
  3.725062989253230E-018  1.353250706478180E-041  1.751752804790172E-005
  2.910562199830093E-031  3.343948934090190E-021  3.226534918518439E-049
  1.324676953732180E-039  1.051565713821583E-032  4.297653517428659E-025
  0.999982482471952     
 END OF THE OPTIMAL PROPOSAL DENSITY WEIGHTS
 ALPHA = ,There always are some values that we cannot choose!
  0.680796921360736     
   2.00360769205189     
  0.379813851575585     
   1.24497525027136     
  0.783348584210228     
   2.84620074622034     
   1.82809203299261     
   1.33046522360553     
  0.937077753206637     
  0.305098735528674     
 =======================The Weights Of New Scheme============================
  5.533801801480288E-002  0.175048483683994       7.534896627202810E-002
  3.879791433573752E-002  4.397476835186660E-002  0.311674821050028     
  0.152687049020720       4.554441802531055E-002  8.906947908499217E-003
  9.267861333701362E-002
 =======================END OF THE WEIGHTS OF NEW SCHEME=====================
 TEST OF SIR Weights:
 ===========================
  2.086683972057147E-005  0.975156050244923       3.894597297387258E-031
  3.862441907033363E-017  1.999379630609325E-042  7.522638288958166E-012
  6.138866461804310E-014  1.033725773074666E-007  4.834763021996573E-014
  2.482297953514663E-002
 END OF THE TEST
 TEST OF THE OPTIMAL PROPOSAL DENSITY WEIGHTS
 ============================================
  7.146541694504229E-003  2.407900912515933E-004  2.738686469910453E-027
  2.405800617070599E-013  1.695240727392400E-033  1.830256323500726E-010
  7.535850499407998E-012  5.372636919818269E-005  6.563276473146374E-010
  0.992558940997916     
 END OF THE OPTIMAL PROPOSAL DENSITY WEIGHTS
 ALPHA = ,There always are some values that we cannot choose!
  0.658950868123814     
  0.705183563055751     
   2.02854248013263     
   1.06735714211792     
   2.69991645379940     
  0.934726843171226     
  0.996304994909283     
  0.726659914257434     
  0.911155579909292     
  0.597035048749393     
 =======================The Weights Of New Scheme============================
  8.206749000681475E-002  6.331732953088350E-002  0.307666607216405     
  1.093286951895410E-002  0.358086196568258       1.205298347101105E-002
  7.588931445449848E-004  6.507166786765289E-002  1.571141451625723E-002
  8.433454815921838E-002
 =======================END OF THE WEIGHTS OF NEW SCHEME=====================
 TEST OF SIR Weights:
 ===========================
  0.999998755865221       4.861457950333860E-030  6.238937436471721E-024
  1.482750623731272E-029  1.244134778651078E-006  1.428009742396025E-061
  3.285511000458338E-039  2.228305626281669E-066  1.226586232539234E-027
  1.069652576091506E-036
 END OF THE TEST
 TEST OF THE OPTIMAL PROPOSAL DENSITY WEIGHTS
 ============================================
  0.999999999943339       1.039321331141975E-028  1.977221234445989E-021
  9.141065003471249E-032  5.666083647870702E-011  9.392793204699205E-061
  5.581803762707142E-036  2.885905442939728E-063  5.679258602771996E-026
  7.925777479576793E-034
 END OF THE OPTIMAL PROPOSAL DENSITY WEIGHTS
 ALPHA = ,There always are some values that we cannot choose!
  0.244185875677947     
  0.885901715835961     
  0.633577045444156     
   1.01976617761332     
  0.391430695987070     
   3.87493698609109     
   1.23818360279214     
   4.35025683167134     
  0.780970639194803     
   1.12134616512090     
 =======================The Weights Of New Scheme============================
  7.224204364272482E-002  1.103766075788320E-002  3.563587854651066E-002
  2.044429456653724E-003  7.584702973766141E-002  0.318174571352887     
  3.176329304386592E-002  0.415475806203417       2.399803637769716E-002
  1.378125088069915E-002
 =======================END OF THE WEIGHTS OF NEW SCHEME=====================
 TEST OF SIR Weights:
 ===========================
  2.249516487510923E-027  3.328683235865629E-076  2.502681079459292E-044
  1.856976521316221E-027  3.251391416645229E-055  6.374130619264766E-033
   1.00000000000000       2.901920915089590E-031  3.213189320362707E-020
  1.480483413854548E-053
 END OF THE TEST
 TEST OF THE OPTIMAL PROPOSAL DENSITY WEIGHTS
 ============================================
  3.743703544413197E-016  7.207921024406812E-069  5.943649215088962E-037
  6.105154625458788E-023  1.634868357670133E-049  3.303406195874642E-023
  0.999999999999999       8.248172360203745E-027  1.188601900242061E-016
  1.929971611900423E-042
 END OF THE OPTIMAL PROPOSAL DENSITY WEIGHTS
 ALPHA = ,There always are some values that we cannot choose!
  0.518244227384756     
   5.87278770571413     
   1.35057727792169     
  0.708413076105265     
   2.40841235544033     
  0.717168593795469     
  0.254683319815473     
  0.846590416171287     
  0.530273316541492     
   1.73895956556861     
 =======================The Weights Of New Scheme============================
  5.252708507783075E-002  0.477723998122882       3.739382112218192E-002
  4.321997822563499E-002  0.135784819275782       2.404901395476118E-002
  7.800873260681618E-002  1.504692263201715E-002  4.635437758752069E-002
  8.989125139457269E-002
 =======================END OF THE WEIGHTS OF NEW SCHEME=====================
 TEST OF SIR Weights:
 ===========================
  4.467364054153053E-077  0.999999999973052       6.267669006537689E-033
  1.321568944024914E-041  2.692721515613199E-011  2.620477613087344E-026
  2.269802036667710E-034  4.800339988813612E-049  2.079721474994968E-014
  2.423055060325762E-062
 END OF THE TEST
 TEST OF THE OPTIMAL PROPOSAL DENSITY WEIGHTS
 ============================================
  3.901742643005724E-076  0.999999998747375       4.638621182880710E-035
  1.188109036540421E-042  1.252624786567642E-009  1.081812541854956E-023
  2.152729176080408E-036  1.333046927878940E-048  2.872972765273789E-016
  6.927022754810205E-057
 END OF THE OPTIMAL PROPOSAL DENSITY WEIGHTS
 ALPHA = ,There always are some values that we cannot choose!
   6.77044488715595     
  0.210107898808929     
   1.02120892436364     
   1.44858923546393     
  0.316581811315634     
  0.605005523107112     
   1.08588189374336     
   1.90522148703208     
  0.429809241716528     
   2.79017502696257     
 =======================The Weights Of New Scheme============================
  0.544176873338246       6.650493263444744E-002  1.768085519540962E-003
  3.307059287603605E-002  5.637273365191782E-002  4.281519114556369E-002
  5.856251173285668E-003  6.257491387163763E-002  4.817389604320410E-002
  0.138686529746120     
 =======================END OF THE WEIGHTS OF NEW SCHEME=====================
 TEST OF SIR Weights:
 ===========================
  7.994476896442908E-011  5.852332672811760E-016  2.333111777462916E-016
  8.178445298974275E-025  8.017461955695755E-022  4.180560795013310E-026
  2.360717865670876E-056  0.999999999916680       7.268941775250813E-025
  3.374729669248429E-012
 END OF THE TEST
 TEST OF THE OPTIMAL PROPOSAL DENSITY WEIGHTS
 ============================================
  9.353779767157927E-010  9.683683188646134E-012  1.062026720118822E-014
  7.723549626730251E-024  1.481250898399480E-022  7.866608965567171E-025
  5.212532326835895E-046  0.999999267876265       1.306417954272371E-024
  7.311786628626047E-007
 END OF THE OPTIMAL PROPOSAL DENSITY WEIGHTS
 ALPHA = ,There always are some values that we cannot choose!
  0.666575516640714     
  0.730379019378552     
  0.837040346112708     
   1.27500756604762     
   1.20186732498324     
   1.33460684977561     
   3.53938760406499     
  0.439814058302392     
   1.32113579016585     
  0.583429830421726     
 =======================The Weights Of New Scheme============================
  6.869769189182821E-002  6.319159744638285E-002  3.267152981141098E-002
  5.330489920349585E-002  3.325780791497693E-002  6.304237087465428E-002
  0.446697921170451       8.638702629518388E-002  7.216000570753063E-002
  8.058914968408536E-002
 =======================END OF THE WEIGHTS OF NEW SCHEME=====================
 TEST OF SIR Weights:
 ===========================
  6.283678017148552E-039  1.154522847697511E-044  0.113854208846896     
  3.405205998237384E-098  6.530153878671056E-032  3.317906698047722E-040
  1.927970145297380E-027  0.886145791152964       1.328383061693987E-037
  1.401878697866896E-013
 END OF THE TEST
 TEST OF THE OPTIMAL PROPOSAL DENSITY WEIGHTS
 ============================================
  2.753009064498382E-034  5.829339830101266E-040  4.026561440025634E-002
  1.233249541907105E-086  2.289065946553179E-026  6.883819651673396E-032
  9.280816596388377E-027  0.959734385599743       4.828193602507875E-037
  3.462713422137500E-016
 END OF THE OPTIMAL PROPOSAL DENSITY WEIGHTS
 ALPHA = ,There always are some values that we cannot choose!
   1.20711188050823     
   1.56758568774045     
  0.274438470677525     
   13.4500115685426     
  0.838205509371694     
   1.08090390906659     
  0.853477258117721     
  0.257573189626675     
   1.37046511027359     
  0.524511900386664     
 =======================The Weights Of New Scheme============================
  1.526560114071523E-002  3.521880802475770E-002  4.452537723422392E-002
  0.778992995856542       8.701896121915855E-003  5.088616661875855E-003
  1.008034212104549E-002  4.858879467533540E-002  2.631680499416969E-002
  2.722076316941923E-002
 =======================END OF THE WEIGHTS OF NEW SCHEME=====================
 TEST OF SIR Weights:
 ===========================
  1.501645295899052E-083  1.215890583819236E-048  1.177438805192310E-071
  3.658679548725045E-036  1.351522566474295E-079   1.00000000000000     
  1.037210825782967E-038  3.176546048009315E-049  1.391784809515727E-034
  4.691113097875803E-035
 END OF THE TEST
 TEST OF THE OPTIMAL PROPOSAL DENSITY WEIGHTS
 ============================================
  5.212897133861501E-081  3.295070773480216E-040  9.534043791391972E-069
  2.201969151726514E-037  2.362964819526322E-070   1.00000000000000     
  3.328974715503096E-037  8.986134351676134E-048  1.062609117715577E-034
  7.125399130264687E-031
 END OF THE OPTIMAL PROPOSAL DENSITY WEIGHTS
 ALPHA = ,There always are some values that we cannot choose!
   5.27508580425212     
  0.805775051152212     
   2.99906285914008     
  0.707481172223947     
   3.22925221561750     
  0.130788967512365     
  0.701657063252557     
   1.14156239301224     
  0.625235517124863     
  0.524221619051193     
 =======================The Weights Of New Scheme============================
  0.343002313692901       2.322330475398124E-002  0.170137354809136     
  2.567384156968726E-002  0.233959768814158       6.948498091768590E-002
  2.805312701115432E-002  1.598093539281667E-002  3.440955800955586E-002
  5.607481502892302E-002
 =======================END OF THE WEIGHTS OF NEW SCHEME=====================
 =================================================
 THE RMSE OF THE TRUTH RUN IS = 
  8.930294642051280E-003
 THE RMSE OF ENSEMBLE MEAN OF SIR IS = 
  0.325834443658653     
 THE RMSE OF ENSEMBLE MEAN OF OPD IS = 
  0.303843774888430     
 THE RMSE OF ENSEMBLE MEAN OF New IS = 
  0.323685233250863     
 =================================================
