 TEST OF SIR Weights:
 ===========================
  2.486520073167468E-032  0.999999999999961       4.712627787012560E-034
  2.004282008934747E-025  1.658494745056577E-037  9.657125981342562E-089
  3.874061828267295E-014  2.603244080661158E-098  3.980654195576872E-031
  1.620760140064481E-090
 END OF THE TEST
 TEST OF THE OPTIMAL PROPOSAL DENSITY WEIGHTS
 ============================================
  7.086323433754563E-033  0.999999999999800       1.066038983450670E-031
  4.073751412953008E-030  1.010497122567908E-036  3.648784189747812E-077
  1.995978110438685E-013  5.314069710671544E-101  7.345550949093928E-041
  3.334200161286327E-082
 END OF THE OPTIMAL PROPOSAL DENSITY WEIGHTS
 ALPHA = ,There always are some values that we cannot choose!
  0.834276814343101     
  0.509307002388917     
  0.819334344912726     
  0.799674075838244     
  0.885012517602367     
   1.64651361442602     
  0.618935332409668     
   2.37397859575867     
  0.943060347814495     
   1.77893345576868     
 =======================The Weights Of New Scheme============================
  3.917800623691812E-002  9.977121006229518E-002  3.562713963899345E-002
  4.320248328366556E-002  2.282650680466068E-002  0.164400258599546     
  9.664486207514443E-002  0.319349858430633       1.321213477949512E-002
  0.165787540088648     
 =======================END OF THE WEIGHTS OF NEW SCHEME=====================
 TEST OF SIR Weights:
 ===========================
  1.332710564118018E-120  8.887486323260949E-080  1.609236221014482E-063
  7.076496849595029E-125  2.701669850383255E-053   1.00000000000000     
  1.444192019668675E-042  2.504238303774404E-087  5.783350981062946E-075
  7.122484249423225E-087
 END OF THE TEST
 TEST OF THE OPTIMAL PROPOSAL DENSITY WEIGHTS
 ============================================
  1.376082430881711E-117  7.579625841024043E-092  6.578071588335716E-072
  8.635550326541240E-124  1.105809380465893E-059   1.00000000000000     
  1.592379997145250E-042  7.072517177020553E-087  3.898876948652302E-083
  1.061802194781357E-079
 END OF THE OPTIMAL PROPOSAL DENSITY WEIGHTS
 ALPHA = ,There always are some values that we cannot choose!
   1.89990701803313     
   1.27975153223059     
  0.942329208350975     
   2.08968765223936     
  0.781085858218244     
  0.315977852625822     
  0.600218898113621     
   1.18574913518913     
   1.11956774999885     
   1.06206154895684     
 =======================The Weights Of New Scheme============================
  0.235392334493304       7.169225407139335E-002  1.486574244997622E-002
  0.286427250657634       4.976211281247572E-002  0.155920075232144     
  0.106374293223674       3.720852070813205E-002  2.648830447709474E-002
  1.586911187417289E-002
 =======================END OF THE WEIGHTS OF NEW SCHEME=====================
 TEST OF SIR Weights:
 ===========================
  6.358874795075648E-028  9.412724951990398E-060  5.671900908284759E-075
  4.189220233243384E-050  6.744109875558536E-070  2.380975768887141E-149
  9.651495012571451E-113  2.534973631105050E-112   1.00000000000000     
  6.670427531366875E-068
 END OF THE TEST
 TEST OF THE OPTIMAL PROPOSAL DENSITY WEIGHTS
 ============================================
  2.021948068254693E-020  1.031723970467424E-052  2.222634807704867E-069
  6.239033073568477E-040  1.450267565669371E-058  6.099402933940227E-129
  1.166473750428649E-096  7.736890140936976E-098   1.00000000000000     
  8.017167437282228E-048
 END OF THE OPTIMAL PROPOSAL DENSITY WEIGHTS
 ALPHA = ,There always are some values that we cannot choose!
  0.533916338701806     
  0.876505383105607     
   1.13205073341473     
  0.720351109194545     
  0.958889780849832     
   2.82450986336037     
   1.72080837619035     
   1.75221704872738     
  0.394619320554707     
  0.813114186143076     
 =======================The Weights Of New Scheme============================
  0.101715549848625       1.991668454514071E-002  2.698517214726447E-002
  5.406223574555415E-002  8.294707999318130E-003  0.363135297162385     
  0.141556397915792       0.136032490476735       0.116101704641862     
  3.219975951732376E-002
 =======================END OF THE WEIGHTS OF NEW SCHEME=====================
 TEST OF SIR Weights:
 ===========================
  1.058375246030080E-013  5.670905701791644E-006  1.966499829792991E-064
  4.644922270670092E-005  3.080489656548418E-003  8.304101833144048E-106
  4.346320012938135E-008  2.978846550714373E-003  1.523034043148386E-022
  0.993888500201023     
 END OF THE TEST
 TEST OF THE OPTIMAL PROPOSAL DENSITY WEIGHTS
 ============================================
  3.770751414095796E-022  5.504182235751151E-013  5.630025338751582E-065
  6.307911888168670E-009  1.122476732314022E-005  8.498318297883354E-099
  7.557987475792079E-015  5.692585634153437E-013  3.153150753372207E-023
  0.999988768923638     
 END OF THE OPTIMAL PROPOSAL DENSITY WEIGHTS
 ALPHA = ,There always are some values that we cannot choose!
  0.934996824134629     
  0.812297349933754     
   1.80433117448118     
  0.763227044528314     
  0.726081112158948     
   3.03242988803983     
  0.835853721880626     
  0.812115110607159     
  0.950593171325500     
  0.672955511367839     
 =======================The Weights Of New Scheme============================
  1.385221145753926E-002  4.501207188529663E-002  0.184582624890176     
  4.870155584819827E-002  5.984581952230854E-002  0.483405240699501     
  3.865876911282545E-002  4.566918631168288E-002  1.144416700180202E-002
  6.882835327067029E-002
 =======================END OF THE WEIGHTS OF NEW SCHEME=====================
 TEST OF SIR Weights:
 ===========================
   1.00000000000000       5.969130378733756E-071  3.395203185288272E-079
  6.401010293826697E-043  4.165565979339116E-066  8.022281061333207E-134
  7.003226021259938E-085  2.018708901168917E-037  5.284474612910615E-070
  2.916567080210773E-076
 END OF THE TEST
 TEST OF THE OPTIMAL PROPOSAL DENSITY WEIGHTS
 ============================================
   1.00000000000000       1.429076476469516E-071  7.803877553488475E-081
  6.906196217157057E-047  1.813845157379734E-061  7.600622939497850E-138
  2.826496566494219E-085  6.724044320079191E-036  2.071128411229468E-078
  1.357375899889423E-074
 END OF THE OPTIMAL PROPOSAL DENSITY WEIGHTS
 ALPHA = ,There always are some values that we cannot choose!
  0.359613422742239     
   1.06692900992826     
   1.22994915170857     
  0.730422765866217     
  0.913647265798668     
   2.95096165097364     
   1.31672244056281     
  0.617047158168751     
   1.18502591187834     
   1.11759528116871     
 =======================The Weights Of New Scheme============================
  0.161895990068366       1.592123047907190E-002  5.491323060330244E-002
  7.031053504333734E-002  2.024875223620668E-002  0.431177253216444     
  7.316233110747285E-002  0.101269562780709       4.399944219281019E-002
  2.710167227227922E-002
 =======================END OF THE WEIGHTS OF NEW SCHEME=====================
 TEST OF SIR Weights:
 ===========================
  9.466995650680202E-050  1.706656117409120E-098   1.00000000000000     
  3.398152936509445E-073  9.290788872712502E-043  1.347730192325456E-049
  1.213129694810962E-030  4.752038924448454E-020  7.881158673570021E-063
  2.216752172764069E-077
 END OF THE TEST
 TEST OF THE OPTIMAL PROPOSAL DENSITY WEIGHTS
 ============================================
  1.167900637111015E-048  1.317788912503605E-088   1.00000000000000     
  3.472466639007588E-060  2.685997807645898E-031  5.613011211886322E-044
  1.838107615063238E-024  5.290807140093384E-019  3.999429621163694E-052
  2.524491341977184E-066
 END OF THE OPTIMAL PROPOSAL DENSITY WEIGHTS
 ALPHA = ,There always are some values that we cannot choose!
   1.08180619678239     
   1.99740683561667     
  0.518321038956741     
   1.29120316994550     
  0.828714236713672     
   1.00678684295866     
  0.746167561067456     
  0.686186271022623     
   1.14091209383616     
   1.41878856073830     
 =======================The Weights Of New Scheme============================
  2.463063357288123E-002  0.311595344787431       0.160478868978718     
  0.103934711164885       5.336265830897917E-002  2.020275596181009E-003
  8.043870142600423E-002  0.102444395047079       4.199357830938218E-002
  0.119100832808459     
 =======================END OF THE WEIGHTS OF NEW SCHEME=====================
 TEST OF SIR Weights:
 ===========================
  3.221141444817193E-064  1.798053996909207E-065  2.197290777486764E-046
  3.812450890061042E-122  2.951642586872877E-074  6.884919795653066E-071
  2.406751902587995E-078  3.165772321324330E-051   1.00000000000000     
  8.547246728111824E-071
 END OF THE TEST
 TEST OF THE OPTIMAL PROPOSAL DENSITY WEIGHTS
 ============================================
  1.196944854153256E-056  3.827746648823419E-053  1.502652963219798E-040
  4.810459291095041E-111  9.642300176844174E-077  6.731584626516785E-066
  8.900199255657744E-072  1.000732678911430E-044   1.00000000000000     
  5.059154194818938E-059
 END OF THE OPTIMAL PROPOSAL DENSITY WEIGHTS
 ALPHA = ,There always are some values that we cannot choose!
  0.979047155321149     
  0.927764640177010     
  0.764677619604000     
   2.25653908657488     
   1.33279360380141     
   1.12841795729288     
   1.23498430776605     
  0.815308525407429     
  0.414945224562624     
   1.01538384966716     
 =======================The Weights Of New Scheme============================
  6.248205619374380E-003  2.456300893807894E-002  7.146226675455077E-002
  0.403702927333725       9.653048329605693E-002  4.687650119344874E-002
  6.808849950611107E-002  5.970224019355323E-002  0.218155840274197     
  4.670026890903697E-003
 =======================END OF THE WEIGHTS OF NEW SCHEME=====================
 TEST OF SIR Weights:
 ===========================
  7.333774067203980E-038  1.329507262212011E-125  2.421034631454488E-042
  1.177176295156515E-053   1.00000000000000       2.515414199156815E-106
  3.183307360822634E-096  8.073380009105403E-106  1.722989563824819E-078
  5.314553367167866E-091
 END OF THE TEST
 TEST OF THE OPTIMAL PROPOSAL DENSITY WEIGHTS
 ============================================
  1.602161647995325E-020  2.664231710287871E-114  9.211925542753622E-035
  1.516942999956334E-045   1.00000000000000       1.625789433260321E-085
  8.032975120486101E-084  4.385306571409087E-091  6.608354168287828E-071
  2.157018212516020E-073
 END OF THE OPTIMAL PROPOSAL DENSITY WEIGHTS
 ALPHA = ,There always are some values that we cannot choose!
  0.528559173856751     
   2.22991261247882     
  0.657702240147043     
  0.776101510678685     
  0.390054228657238     
   1.43345664394698     
   1.39666574308615     
   1.56139094876701     
   1.14548929559187     
   1.19005207281328     
 =======================The Weights Of New Scheme============================
  9.626947107780380E-002  0.283241364988568       7.317663032563725E-002
  4.891928872190783E-002  0.134342238105113       9.539047971985164E-002
  8.218900932206497E-002  0.111721383564144       3.058638058762440E-002
  4.416375358728569E-002
 =======================END OF THE WEIGHTS OF NEW SCHEME=====================
 TEST OF SIR Weights:
 ===========================
  5.391655556272851E-091  1.925851043901002E-130  3.647218653512164E-048
  5.600109835604708E-090  6.521224141602110E-096  8.909583030617515E-084
  2.739151599317955E-067  1.878460893477310E-057  4.033299364972378E-056
   1.00000000000000     
 END OF THE TEST
 TEST OF THE OPTIMAL PROPOSAL DENSITY WEIGHTS
 ============================================
  1.148396586949775E-086  9.168380132143694E-125  1.560834533101218E-047
  1.186253033350774E-080  3.623179693045976E-091  4.952549173220010E-080
  1.809918514873345E-065  3.979868558256818E-056  6.511245153912445E-059
   1.00000000000000     
 END OF THE OPTIMAL PROPOSAL DENSITY WEIGHTS
 ALPHA = ,There always are some values that we cannot choose!
   1.30740278823243     
   2.34636048112389     
  0.717003001463056     
   1.19210772942095     
   1.40092887562966     
   1.18080403211197     
  0.944261521527147     
  0.818108480528116     
  0.853857883378634     
  0.349523745890951     
 =======================The Weights Of New Scheme============================
  8.038899953183716E-002  0.349910865464247       8.167925124223172E-002
  5.189266609220192E-002  0.106508705761262       5.241510430105058E-002
  1.500188236271065E-002  5.182115799509803E-002  3.623311853362884E-002
  0.174148248715732     
 =======================END OF THE WEIGHTS OF NEW SCHEME=====================
 TEST OF SIR Weights:
 ===========================
  1.468990986133769E-113  9.020031735740344E-067  4.112973747484368E-043
  5.577657824778843E-036  1.946009939244165E-067  0.999999999999946     
  2.660003475008468E-038  7.140011130990300E-048  5.408802310442613E-014
  7.865159775479948E-110
 END OF THE TEST
 TEST OF THE OPTIMAL PROPOSAL DENSITY WEIGHTS
 ============================================
  1.059583886645462E-104  9.101900553663209E-066  1.031144070769315E-036
  4.664740159504921E-037  4.028231314120321E-066   1.00000000000000     
  9.422526523841082E-033  1.029862091469293E-048  7.687424920969487E-017
  1.283625795609430E-108
 END OF THE OPTIMAL PROPOSAL DENSITY WEIGHTS
 ALPHA = ,There always are some values that we cannot choose!
   2.25251432008277     
   1.23910349618617     
  0.793255333175256     
  0.797461294229184     
   1.24585557593502     
  0.456564138575646     
  0.746461386507918     
  0.953710584261684     
  0.584695731973798     
   2.39209747898878     
 =======================The Weights Of New Scheme============================
  0.275938772929580       5.475823162668009E-002  4.340372047877136E-002
  4.264400189004412E-002  4.953430258943300E-002  0.103774764245932     
  4.387557570864386E-002  8.706875371345776E-003  9.077479113751880E-002
  0.286588964022051     
 =======================END OF THE WEIGHTS OF NEW SCHEME=====================
 =================================================
 THE RMSE OF THE TRUTH RUN IS = 
  6.216722695281462E-003
 THE RMSE OF ENSEMBLE MEAN OF SIR IS = 
  0.135663416589373     
 THE RMSE OF ENSEMBLE MEAN OF OPD IS = 
  0.116780286276002     
 THE RMSE OF ENSEMBLE MEAN OF New IS = 
  0.124757944564769     
 =================================================
