 TEST OF SIR Weights:
 ===========================
   1.00000000000000       2.383878897612138E-051  4.323233390834074E-019
  2.286470196332519E-022  4.458169616673328E-075  2.097586510794864E-167
  2.389549411179879E-040  1.694545455568616E-057  1.239400686494286E-064
  1.329007384715896E-109
 END OF THE TEST
 TEST OF THE OPTIMAL PROPOSAL DENSITY WEIGHTS
 ============================================
  0.999999999999999       1.765006260433755E-038  7.999363351246627E-016
  6.255766027582577E-021  1.735795916320746E-070  3.622839943757341E-154
  3.133646263956469E-030  7.354684105943897E-051  4.696502258013089E-059
  1.320665011772102E-107
 END OF THE OPTIMAL PROPOSAL DENSITY WEIGHTS
 ALPHA = ,There always are some values that we cannot choose!
  0.544563699989911     
  0.832167789760681     
  0.645196971915949     
  0.683287408451868     
   1.19218544909372     
   3.05169503822402     
  0.758525867525166     
  0.956317349044069     
   1.04851975529707     
   1.80888382507840     
 =======================The Weights Of New Scheme============================
  9.257375407378335E-002  3.739283207706253E-002  7.091001956934748E-002
  7.622621158171144E-002  3.491821167334980E-002  0.424887492694408     
  5.699730587857689E-002  9.231366606339745E-003  9.655567752307470E-003
  0.187207238093113     
 =======================END OF THE WEIGHTS OF NEW SCHEME=====================
 TEST OF SIR Weights:
 ===========================
  1.552562627871179E-191  1.182187610614414E-074  5.541524073580476E-129
  1.396312963794812E-062   1.00000000000000       4.330806181468979E-071
  2.770320690841811E-109  1.214833917110023E-148  6.705980029048719E-090
  1.859668376172925E-033
 END OF THE TEST
 TEST OF THE OPTIMAL PROPOSAL DENSITY WEIGHTS
 ============================================
  1.381877608519211E-166  1.059969194407019E-071  2.136821206478858E-113
  5.400659047450522E-059   1.00000000000000       5.610345084124408E-069
  3.284431481228075E-104  1.259643719036649E-143  1.494291607489266E-086
  1.458600146031242E-032
 END OF THE OPTIMAL PROPOSAL DENSITY WEIGHTS
 ALPHA = ,There always are some values that we cannot choose!
   2.50773496140068     
  0.863831101345134     
   1.37981747696158     
  0.748932576486183     
  0.389233986775402     
  0.837804160559705     
   1.24453899732759     
   1.93768294573451     
   1.02063873261424     
  0.556555689174310     
 =======================The Weights Of New Scheme============================
  0.323368392255653       3.082521860299693E-002  7.908697717489915E-002
  5.442738099645111E-002  0.120838857332647       3.433009695231828E-002
  4.903167707036493E-002  0.200432926175163       4.198548750917344E-003
  0.103459924688589     
 =======================END OF THE WEIGHTS OF NEW SCHEME=====================
 TEST OF SIR Weights:
 ===========================
  4.505693403496008E-037  7.911274518032617E-102  1.864554974295628E-063
  1.166662971178638E-159  1.038537984375860E-149  8.890221208367893E-130
   1.00000000000000       4.906756128026607E-178  2.688592345730998E-133
  1.235745904876766E-138
 END OF THE TEST
 TEST OF THE OPTIMAL PROPOSAL DENSITY WEIGHTS
 ============================================
  2.486614519469571E-042  2.885439616521686E-096  4.289401839821956E-061
  2.073332905534632E-157  1.837416141104878E-141  7.282149828668693E-120
   1.00000000000000       3.630350683807666E-168  4.490661822285606E-131
  1.139788557361229E-127
 END OF THE OPTIMAL PROPOSAL DENSITY WEIGHTS
 ALPHA = ,There always are some values that we cannot choose!
  0.496840233301891     
  0.910576110273403     
  0.613401197016334     
   1.80957853958387     
   1.51281062655394     
   1.18693849414357     
  0.311364077270778     
   2.04196946877512     
   1.34620405435673     
   1.29569716672103     
 =======================The Weights Of New Scheme============================
  0.107291946765029       1.656206899563009E-002  7.713747896257837E-002
  0.163008886292620       9.454761229831299E-002  3.639443103962186E-002
  0.153974888911958       0.214598904874732       7.419370106100184E-002
  6.229008079851533E-002
 =======================END OF THE WEIGHTS OF NEW SCHEME=====================
 TEST OF SIR Weights:
 ===========================
  1.080489225532588E-002  1.001303285789318E-033  2.206584242078485E-032
  1.665960212204184E-053  2.074553408248491E-061  2.895078252524847E-013
  0.989194744338036       1.524610378114707E-058  8.832086390358392E-112
  3.634063486673985E-007
 END OF THE TEST
 TEST OF THE OPTIMAL PROPOSAL DENSITY WEIGHTS
 ============================================
  7.573563143671453E-006  2.263821111174140E-043  2.642005671671773E-033
  1.650653341276882E-053  3.349750568092550E-055  7.789238767160032E-018
  0.999992426436827       1.814478613696890E-057  7.808777199838472E-111
  2.976725366156480E-014
 END OF THE OPTIMAL PROPOSAL DENSITY WEIGHTS
 ALPHA = ,There always are some values that we cannot choose!
  0.687278618163746     
   1.04756015232503     
  0.935559053922553     
   1.17389339506570     
   1.19642493628375     
  0.786339209431347     
  0.648864218482805     
   1.22727075665694     
   2.23492606603597     
  0.755327978244359     
 =======================The Weights Of New Scheme============================
  0.104838632710877       1.511749773092460E-002  2.552485726987473E-002
  6.507592560026730E-002  7.096661841408099E-002  7.323684663607015E-002
  0.111419492193629       6.764472284880399E-002  0.383079741390136     
  8.309566520533618E-002
 =======================END OF THE WEIGHTS OF NEW SCHEME=====================
 TEST OF SIR Weights:
 ===========================
   1.00000000000000       5.128064706147779E-152  1.062897099365528E-124
  2.905808005088398E-060  4.550456866890966E-109  4.263238314478599E-077
  2.057457083265171E-144  1.663406881111914E-038  1.570763229434009E-038
  7.048464134629407E-119
 END OF THE TEST
 TEST OF THE OPTIMAL PROPOSAL DENSITY WEIGHTS
 ============================================
   1.00000000000000       3.018285383683172E-142  1.288182557537878E-108
  2.819543533367989E-053  1.912386816746639E-100  6.735657202770606E-057
  4.836678781064837E-115  8.370269667239944E-034  3.828513546092231E-027
  2.336067318230804E-099
 END OF THE OPTIMAL PROPOSAL DENSITY WEIGHTS
 ALPHA = ,There always are some values that we cannot choose!
  0.440311804720138     
   2.15825602364782     
   1.47928932108641     
  0.794512840079122     
   1.34955835076359     
  0.827500436558225     
   1.58999838761649     
  0.638429313581959     
  0.592411658031924     
   1.33318269795157     
 =======================The Weights Of New Scheme============================
  0.102068286708572       0.249735891912287       0.104801304484702     
  4.880515306847635E-002  7.177709616363032E-002  3.859246779466426E-002
  0.132937595889797       8.826934262366608E-002  8.276874032807997E-002
  8.024412102612376E-002
 =======================END OF THE WEIGHTS OF NEW SCHEME=====================
 TEST OF SIR Weights:
 ===========================
  4.078418839218022E-073  0.999445362895684       1.783386563225800E-042
  1.462215371197231E-034  2.239898022606046E-048  9.747649479332314E-007
  9.984965450347022E-091  4.129932307375090E-047  1.021906389798634E-081
  5.536623393678127E-004
 END OF THE TEST
 TEST OF THE OPTIMAL PROPOSAL DENSITY WEIGHTS
 ============================================
  8.838555900099504E-069  1.025374712633385E-006  2.597046106531561E-060
  1.021460507938846E-038  6.095761328860682E-049  5.118394691478397E-015
  3.736716039963888E-094  8.530281766680345E-040  2.659464170348304E-084
  0.999998974625282     
 END OF THE OPTIMAL PROPOSAL DENSITY WEIGHTS
 ALPHA = ,There always are some values that we cannot choose!
   1.29527135572108     
  0.645070373984532     
   1.17774959783514     
  0.924086786078863     
   1.03654193139942     
  0.708114410107607     
   1.72240723282734     
  0.935346566235500     
   1.54196963239858     
  0.603103559892593     
 =======================The Weights Of New Scheme============================
  9.641606735518292E-002  0.114970526857701       5.893336996376931E-002
  2.478975073949200E-002  9.920544689736832E-003  8.928892614097486E-002
  0.259424645810304       1.867660874135021E-002  0.191399002765663     
  0.136180556935826     
 =======================END OF THE WEIGHTS OF NEW SCHEME=====================
 TEST OF SIR Weights:
 ===========================
  5.564596405931111E-023  7.467500778055134E-009  3.900217220354172E-065
  8.565365232894146E-123  5.579285854278005E-061  2.017009749884385E-061
  3.143141125414501E-047  7.552177293694524E-084  0.999999992532499     
  2.107628375495144E-041
 END OF THE TEST
 TEST OF THE OPTIMAL PROPOSAL DENSITY WEIGHTS
 ============================================
  3.554845270024366E-022  8.909981598767408E-014  1.779022949727140E-053
  4.489679169798187E-112  4.501994508737119E-049  8.054250326918390E-055
  1.448312045741128E-036  6.092851282688782E-067  0.999999999999911     
  1.295126420737796E-037
 END OF THE OPTIMAL PROPOSAL DENSITY WEIGHTS
 ALPHA = ,There always are some values that we cannot choose!
  0.776257851689567     
  0.706374480029381     
   1.10329601778770     
   2.13076614796811     
   1.05005709102060     
   1.12007966129543     
  0.912432877671014     
   1.28344345120586     
  0.610064653403894     
  0.923242532803181     
 =======================The Weights Of New Scheme============================
  7.643176792166352E-002  0.107343558219210       3.556774707072441E-002
  0.411549235319454       1.891174409770031E-002  3.853385935164274E-002
  3.644297056348509E-002  0.108316447418339       0.142264006135279     
  2.463866390250346E-002
 =======================END OF THE WEIGHTS OF NEW SCHEME=====================
 TEST OF SIR Weights:
 ===========================
  1.703888528417017E-005  1.005028131906001E-051  2.864508229653180E-035
  0.999982961114716       1.232590939812722E-089  1.857385377509374E-069
  9.929826877835560E-080  7.966798285718221E-068  1.533326054466014E-123
  9.285330192539535E-072
 END OF THE TEST
 TEST OF THE OPTIMAL PROPOSAL DENSITY WEIGHTS
 ============================================
  4.602982381624842E-012  2.271911736232576E-058  3.654827058544473E-037
  0.999999999995397       8.281251202229465E-095  3.059481460974865E-073
  3.343932339103191E-088  1.205165986662007E-066  1.636933455320800E-124
  1.035173702476602E-068
 END OF THE OPTIMAL PROPOSAL DENSITY WEIGHTS
 ALPHA = ,There always are some values that we cannot choose!
  0.567857051173390     
  0.955267736429763     
  0.752798748844501     
  0.499961745471154     
   1.43837753955028     
   1.12892560362676     
   1.33551175420362     
   1.04831703855505     
   2.00803265267074     
   1.07292868745505     
 =======================The Weights Of New Scheme============================
  0.133249604064564       1.317785286570146E-002  7.723455875906922E-002
  0.154567365730506       0.130384179294302       4.148355538483940E-002
  0.112061045792966       1.527892113946392E-002  0.303728636101515     
  1.883428086707307E-002
 =======================END OF THE WEIGHTS OF NEW SCHEME=====================
 TEST OF SIR Weights:
 ===========================
  1.250370479969255E-146  8.154715110523601E-023  1.059688612631061E-059
  1.060620527191281E-096  1.258120328624165E-065  5.551777578548595E-058
   1.00000000000000       2.423133656265943E-092  1.536318307827257E-047
  9.523238501173884E-103
 END OF THE TEST
 TEST OF THE OPTIMAL PROPOSAL DENSITY WEIGHTS
 ============================================
  3.046942883044777E-128  1.142169108433404E-019  1.779636287877796E-061
  3.173234473920801E-083  8.866401246917690E-060  4.307297034729903E-059
   1.00000000000000       3.926477973648770E-087  2.356553506709806E-048
  2.830476969707596E-091
 END OF THE OPTIMAL PROPOSAL DENSITY WEIGHTS
 ALPHA = ,There always are some values that we cannot choose!
   2.06006264882807     
  0.608487712671391     
  0.973173659005233     
   1.24245936679843     
  0.954795287096244     
  0.947461766762222     
  0.491870184357828     
   1.29820466457611     
  0.839809633963080     
   1.36003079922507     
 =======================The Weights Of New Scheme============================
  0.352618851357499       0.113522200460438       8.232207379875669E-003
  7.728305481250913E-002  1.284646916433009E-002  1.612354633855484E-002
  0.159960219363685       9.324507654747162E-002  4.625969237364376E-002
  0.119908682201993     
 =======================END OF THE WEIGHTS OF NEW SCHEME=====================
 TEST OF SIR Weights:
 ===========================
  7.548263719023445E-087  0.999855844620001       3.586280304949690E-049
  1.441553603140204E-004  1.370884084495516E-090  6.288130979480514E-087
  1.234082961204296E-025  2.746001450485546E-072  3.432417998308688E-053
  1.968467965569733E-011
 END OF THE TEST
 TEST OF THE OPTIMAL PROPOSAL DENSITY WEIGHTS
 ============================================
  4.716120045406406E-078  0.907327312449405       1.062017994850742E-053
  9.267268755059491E-002  4.593285434064877E-086  8.709574527842457E-079
  6.268832851485472E-018  1.348607149374301E-067  4.002693325085898E-042
  1.194820458878495E-016
 END OF THE OPTIMAL PROPOSAL DENSITY WEIGHTS
 ALPHA = ,There always are some values that we cannot choose!
   1.46028549516283     
  0.612973607424934     
   1.11082298906458     
  0.619833444746304     
   1.59778401161433     
   1.47236758978381     
  0.743279078785990     
   1.29846852578240     
  0.975383694288000     
  0.732668366081123     
 =======================The Weights Of New Scheme============================
  0.136488537456654       0.126491375178142       3.157273174552881E-002
  0.116807600793221       0.180835092504288       0.142469416717413     
  8.116257302836685E-002  9.109574110453192E-002  7.350146656849297E-003
  8.572678481500494E-002
 =======================END OF THE WEIGHTS OF NEW SCHEME=====================
 =================================================
 THE RMSE OF THE TRUTH RUN IS = 
  4.875669181030478E-003
 THE RMSE OF ENSEMBLE MEAN OF SIR IS = 
  0.219751225003796     
 THE RMSE OF ENSEMBLE MEAN OF OPD IS = 
  0.212173272119398     
 THE RMSE OF ENSEMBLE MEAN OF New IS = 
  0.204963245434199     
 =================================================
