 TEST OF SIR Weights:
 ===========================
  0.000000000000000E+000  4.661588095944833E-015  4.170875850992130E-026
  0.000000000000000E+000  0.999999895289584       0.000000000000000E+000
  0.000000000000000E+000  3.453685429735995E-023  0.000000000000000E+000
  1.047104110832304E-007
 END OF THE TEST
 TEST OF THE OPTIMAL PROPOSAL DENSITY WEIGHTS
 ============================================
  2.239117737890214E-032  1.616865561152139E-007  1.017861108785517E-018
  0.000000000000000E+000  0.999999837318793       9.328157378541363E-046
  3.928020903599399E-031  5.790328896733349E-021  0.000000000000000E+000
  9.946512813211619E-010
 END OF THE OPTIMAL PROPOSAL DENSITY WEIGHTS
 ALPHA = ,There always are some values that we cannot choose!
   1.09001204898121     
  0.614957820483709     
  0.795893912120966     
   2.31355870324207     
  0.525934994423711     
   1.48331746175459     
   1.05923014023131     
  0.838117744616484     
   1.80788484005672     
  0.647076100305652     
 =======================The Weights Of New Scheme============================
  2.351515381706018E-002  8.852247299493873E-002  5.066119537996169E-002
  0.330950457822274       0.102524481131635       9.794679453907780E-002
  1.565910929488970E-002  3.477250400156614E-002  0.187057153077777     
  6.839067794081972E-002
 =======================END OF THE WEIGHTS OF NEW SCHEME=====================
 TEST OF SIR Weights:
 ===========================
  0.000000000000000E+000  0.000000000000000E+000  0.000000000000000E+000
  0.000000000000000E+000  0.000000000000000E+000  0.000000000000000E+000
  0.000000000000000E+000  0.999996401798060       3.598201940137968E-006
  0.000000000000000E+000
 END OF THE TEST
 TEST OF THE OPTIMAL PROPOSAL DENSITY WEIGHTS
 ============================================
  0.000000000000000E+000  0.000000000000000E+000  0.000000000000000E+000
  2.550118892398232E-019  0.000000000000000E+000  0.000000000000000E+000
  0.000000000000000E+000  0.999993986038004       6.013961995339425E-006
  7.291151844679022E-016
 END OF THE OPTIMAL PROPOSAL DENSITY WEIGHTS
 ALPHA = ,There always are some values that we cannot choose!
   1.68768059362163     
   1.34977483081547     
   1.26262408529545     
  0.656634154328861     
   1.14925930367701     
   2.18010044120712     
   1.68736358618578     
  0.427946125629014     
  0.482611277314980     
  0.606402679082445     
 =======================The Weights Of New Scheme============================
  0.152697996241726       6.593661708187880E-002  5.474653205559736E-002
  5.983575108393818E-002  2.898806747117717E-002  0.196174035829354     
  0.136183573395657       0.125556734234903       0.102167026935010     
  7.771366567075795E-002
 =======================END OF THE WEIGHTS OF NEW SCHEME=====================
 TEST OF SIR Weights:
 ===========================
  0.000000000000000E+000  8.816296196663606E-004  0.000000000000000E+000
  0.000000000000000E+000  0.999118370380334       0.000000000000000E+000
  0.000000000000000E+000  0.000000000000000E+000  0.000000000000000E+000
  0.000000000000000E+000
 END OF THE TEST
 TEST OF THE OPTIMAL PROPOSAL DENSITY WEIGHTS
 ============================================
  1.112410502259681E-057  2.132620017212724E-012  0.000000000000000E+000
  7.732859868987594E-048  0.999999999997867       0.000000000000000E+000
  1.448970253080122E-060  0.000000000000000E+000  0.000000000000000E+000
  0.000000000000000E+000
 END OF THE OPTIMAL PROPOSAL DENSITY WEIGHTS
 ALPHA = ,There always are some values that we cannot choose!
   1.04600686262251     
  0.368729640393009     
   1.18287224675652     
  0.833899634057038     
  0.281836466095926     
   1.21949912923341     
   1.11785787323207     
   1.57389782602135     
   1.92485397777603     
   2.25821972878456     
 =======================The Weights Of New Scheme============================
  9.996324290174040E-003  0.141773027112455       3.648577566322162E-002
  3.327045729142688E-002  0.134737306694085       5.248011818864998E-002
  2.805931716742894E-002  0.114868972410356       0.193727421622463     
  0.254601279559739     
 =======================END OF THE WEIGHTS OF NEW SCHEME=====================
 TEST OF SIR Weights:
 ===========================
  0.000000000000000E+000  0.000000000000000E+000  0.000000000000000E+000
  3.453353133786807E-025  0.000000000000000E+000   1.00000000000000     
  2.040848736671998E-032  0.000000000000000E+000  0.000000000000000E+000
  1.840021895715117E-030
 END OF THE TEST
 TEST OF THE OPTIMAL PROPOSAL DENSITY WEIGHTS
 ============================================
  3.907664891100543E-036  0.000000000000000E+000  0.000000000000000E+000
  1.351587048550948E-018  0.000000000000000E+000   1.00000000000000     
  8.707142913203068E-033  0.000000000000000E+000  0.000000000000000E+000
  3.131186915410314E-033
 END OF THE OPTIMAL PROPOSAL DENSITY WEIGHTS
 ALPHA = ,There always are some values that we cannot choose!
  0.760429625244219     
   1.49366157984844     
   1.34269723648008     
  0.507773183180973     
   1.22407876526543     
  0.336494679028919     
  0.704010999145371     
   2.37894150157245     
   2.63189780693084     
  0.711248086829592     
 =======================The Weights Of New Scheme============================
  4.770062344292414E-002  7.871731127971211E-002  6.858130916391098E-002
  8.747505296615657E-002  3.514710332912378E-002  0.115430321601927     
  5.488607592807286E-002  0.210962789562065       0.248840044760592     
  5.225936796551565E-002
 =======================END OF THE WEIGHTS OF NEW SCHEME=====================
 TEST OF SIR Weights:
 ===========================
  0.000000000000000E+000  0.000000000000000E+000  0.957363475645150     
  0.000000000000000E+000  0.000000000000000E+000  0.000000000000000E+000
  0.000000000000000E+000  7.562564921739110E-007  0.000000000000000E+000
  4.263576809835743E-002
 END OF THE TEST
 TEST OF THE OPTIMAL PROPOSAL DENSITY WEIGHTS
 ============================================
  1.548805648051479E-029  7.107783717645220E-017  1.124754031841966E-002
  0.000000000000000E+000  0.000000000000000E+000  1.236213302912318E-028
  4.160878929873666E-031  0.900076215224609       0.000000000000000E+000
  8.867624445697117E-002
 END OF THE OPTIMAL PROPOSAL DENSITY WEIGHTS
 ALPHA = ,There always are some values that we cannot choose!
   1.08048990187294     
  0.807241237622624     
  0.582116763461134     
   1.76584594395850     
   1.45948593520005     
   1.05827795026578     
   1.12028579907583     
  0.557157381645816     
   2.02891587387047     
  0.570220213921630     
 =======================The Weights Of New Scheme============================
  1.763920874200979E-002  5.984962721204404E-002  0.116010557231145     
  0.196247732734646       0.106595045654548       1.665544558429793E-002
  3.186789385646450E-002  0.100803140628714       0.254988294511802     
  9.934305384432873E-002
 =======================END OF THE WEIGHTS OF NEW SCHEME=====================
 TEST OF SIR Weights:
 ===========================
  0.000000000000000E+000  7.079285878873432E-008  0.000000000000000E+000
  0.999999929204031       4.047313309565314E-016  0.000000000000000E+000
  3.109322960524941E-012  0.000000000000000E+000  0.000000000000000E+000
  0.000000000000000E+000
 END OF THE TEST
 TEST OF THE OPTIMAL PROPOSAL DENSITY WEIGHTS
 ============================================
  0.000000000000000E+000  1.309036886634394E-011  0.000000000000000E+000
  0.999999999986910       2.527315509252809E-018  0.000000000000000E+000
  1.603022892832335E-017  9.710172601741729E-029  7.010138858538552E-027
  0.000000000000000E+000
 END OF THE OPTIMAL PROPOSAL DENSITY WEIGHTS
 ALPHA = ,There always are some values that we cannot choose!
   2.25409339137790     
  0.594511383256717     
   1.93309709113097     
  0.462732169908920     
  0.693909924273831     
   1.33401682770356     
  0.681208873003223     
  0.881977333220805     
  0.845030583339854     
   1.77504760501788     
 =======================The Weights Of New Scheme============================
  0.216047326221407       7.032232982963922E-002  0.180296105818776     
  9.462280435596530E-002  5.786252685693929E-002  5.799773721723794E-002
  7.060757429306047E-002  2.441990550388050E-002  2.836934118892720E-002
  0.199454348714168     
 =======================END OF THE WEIGHTS OF NEW SCHEME=====================
 TEST OF SIR Weights:
 ===========================
  0.000000000000000E+000  0.000000000000000E+000  0.000000000000000E+000
  0.000000000000000E+000   1.00000000000000       0.000000000000000E+000
  0.000000000000000E+000  0.000000000000000E+000  0.000000000000000E+000
  0.000000000000000E+000
 END OF THE TEST
 TEST OF THE OPTIMAL PROPOSAL DENSITY WEIGHTS
 ============================================
  0.000000000000000E+000  2.246320405403278E-048  4.416351426750867E-037
  1.249262620899661E-036   1.00000000000000       0.000000000000000E+000
  0.000000000000000E+000  0.000000000000000E+000  5.976318915685950E-039
  1.317260033460737E-041
 END OF THE OPTIMAL PROPOSAL DENSITY WEIGHTS
 ALPHA = ,There always are some values that we cannot choose!
   1.41566501339025     
   1.10795734065692     
  0.854254194624893     
  0.845417471507507     
  0.369860332904307     
   1.44035301892351     
   1.23739483322946     
   1.58390329243081     
  0.891812219248820     
  0.948071390064893     
 =======================The Weights Of New Scheme============================
  0.150114636256754       3.674333817900778E-002  5.703269203567874E-002
  5.766555751006516E-002  0.201788439902957       0.152102564588229     
  9.015910184871072E-002  0.199000622607802       3.825300724517272E-002
  1.714003982562212E-002
 =======================END OF THE WEIGHTS OF NEW SCHEME=====================
 TEST OF SIR Weights:
 ===========================
  0.998919651429374       0.000000000000000E+000  0.000000000000000E+000
  0.000000000000000E+000  1.272083016794337E-006  5.587847592387455E-011
  7.601295530171304E-004  3.189468787137502E-004  0.000000000000000E+000
  0.000000000000000E+000
 END OF THE TEST
 TEST OF THE OPTIMAL PROPOSAL DENSITY WEIGHTS
 ============================================
  6.922081743099006E-008  1.085529128642889E-019  8.219358096237526E-021
  0.000000000000000E+000  1.902267646353432E-006  2.726522128747976E-006
  3.835754498331553E-005  0.999956944444424       0.000000000000000E+000
  0.000000000000000E+000
 END OF THE OPTIMAL PROPOSAL DENSITY WEIGHTS
 ALPHA = ,There always are some values that we cannot choose!
  0.698837951312534     
  0.917112123052910     
  0.941088507977960     
   1.44776607669770     
  0.676061388293437     
  0.673632076442161     
  0.656055138002565     
  0.592623727928106     
   1.64106989698159     
   3.94109468965450     
 =======================The Weights Of New Scheme============================
  4.654900827394513E-002  1.608401635462318E-002  1.098992411368800E-002
  8.721818024930225E-002  5.583256195260537E-002  5.091957211459124E-002
  5.529238726112267E-002  8.501385843942046E-002  0.111286793259724     
  0.480813697980978     
 =======================END OF THE WEIGHTS OF NEW SCHEME=====================
 TEST OF SIR Weights:
 ===========================
  0.000000000000000E+000  0.000000000000000E+000  3.887392210935791E-009
  0.999999996112608       0.000000000000000E+000  0.000000000000000E+000
  0.000000000000000E+000  0.000000000000000E+000  0.000000000000000E+000
  0.000000000000000E+000
 END OF THE TEST
 TEST OF THE OPTIMAL PROPOSAL DENSITY WEIGHTS
 ============================================
  0.000000000000000E+000  2.765146764885589E-027  8.966216967932349E-009
  0.999999991033696       1.507332127224534E-033  7.022504946912693E-020
  8.746468794984683E-014  0.000000000000000E+000  0.000000000000000E+000
  1.558614836016900E-034
 END OF THE OPTIMAL PROPOSAL DENSITY WEIGHTS
 ALPHA = ,There always are some values that we cannot choose!
   3.10026744837343     
  0.944075840464114     
  0.616450165224961     
  0.512181710043544     
   1.09054094534879     
  0.796084457951601     
  0.691840112007363     
   1.30352201408634     
   1.23893924279251     
   1.11556961734716     
 =======================The Weights Of New Scheme============================
  0.482439301089160       1.251968420188806E-002  8.642515127305879E-002
  0.120471449141183       1.905327801493891E-002  4.691844051054583E-002
  8.152726568455461E-002  6.410171213207522E-002  5.818918030869540E-002
  2.835453764389940E-002
 =======================END OF THE WEIGHTS OF NEW SCHEME=====================
 TEST OF SIR Weights:
 ===========================
  0.000000000000000E+000  0.000000000000000E+000  0.000000000000000E+000
  0.000000000000000E+000  8.893565964206807E-012  0.000000000000000E+000
  0.000000000000000E+000  0.999999999991106       0.000000000000000E+000
  0.000000000000000E+000
 END OF THE TEST
 TEST OF THE OPTIMAL PROPOSAL DENSITY WEIGHTS
 ============================================
  4.757128099735085E-068  0.000000000000000E+000  1.431938739587896E-057
  3.303479555827373E-059  1.611384728266987E-021  0.000000000000000E+000
  0.000000000000000E+000   1.00000000000000       1.479015982022469E-060
  0.000000000000000E+000
 END OF THE OPTIMAL PROPOSAL DENSITY WEIGHTS
 ALPHA = ,There always are some values that we cannot choose!
   1.20440388094366     
   1.67071122951162     
  0.946207422076993     
  0.982552756767143     
  0.412547160517654     
   1.80556207224678     
   1.85460832668071     
  0.255591022111912     
   1.01355160583187     
   1.49366959786595     
 =======================The Weights Of New Scheme============================
  4.994127165277967E-002  0.144157361459028       1.393111766396093E-002
  4.064506745548076E-003  0.132633803391470       0.161250926066701     
  0.193722963519957       0.178088744397663       3.484231804157666E-003
  0.118725073298735     
 =======================END OF THE WEIGHTS OF NEW SCHEME=====================
 =================================================
 THE RMSE OF THE TRUTH RUN IS = 
  5.847482831190473E-003
 THE RMSE OF ENSEMBLE MEAN OF SIR IS = 
  0.201015202713929     
 THE RMSE OF ENSEMBLE MEAN OF OPD IS = 
  0.168134643423927     
 THE RMSE OF ENSEMBLE MEAN OF New IS = 
  0.184235327784244     
 =================================================
