 TEST OF SIR Weights:
 ===========================
  1.128873695006434E-004  4.907509325060967E-012  3.118346995869367E-007
  3.187105304383140E-004  2.350487533850691E-011  5.558865338461086E-005
  7.444146250274787E-007  9.658250731707065E-008  0.999511658596672     
  1.989759851380372E-009
 END OF THE TEST
 TEST OF THE OPTIMAL PROPOSAL DENSITY WEIGHTS
 ============================================
  3.715216287613114E-005  9.165084394525981E-012  6.730990885920037E-009
  1.293767092714506E-005  1.434123325362940E-012  8.023480475184146E-006
  5.286461028610687E-008  2.904649028845805E-008  0.999941795535133     
  2.497897792028370E-009
 END OF THE OPTIMAL PROPOSAL DENSITY WEIGHTS
 PMat^{1/2}= 
  9.701424893031445E-002
 ALPHA = ,There always are some values that we cannot choose!
  0.322358733438246     
   6.75941276380069     
   1.80601128889596     
  0.398075125810912     
   9.79532750775094     
  0.437989501928855     
   1.19592309866624     
   1.34808578230648     
  4.191228290122768E-002
   2.20202035065915     
 =======================The Weights Of New Scheme============================
  2.761832234934208E-002  0.247931707387986       6.401729881126070E-002
  2.222203072598091E-002  0.400761589136201       3.045545783073479E-002
  8.148385065111140E-003  2.920639513563628E-002  6.196960884781372E-002
  0.107669204709933     
 =======================END OF THE WEIGHTS OF NEW SCHEME=====================
 TEST OF SIR Weights:
 ===========================
  1.040921079992560E-010  0.999110889532800       1.414391966012557E-026
  5.996475876282560E-013  8.891063229984167E-004  8.395423098948928E-014
  4.039424085754539E-009  1.623637617019826E-015  1.695469529249039E-020
  6.706725239044251E-018
 END OF THE TEST
 TEST OF THE OPTIMAL PROPOSAL DENSITY WEIGHTS
 ============================================
  4.763066221847668E-010  0.999901336280629       6.507223828063528E-024
  8.237340043011658E-013  9.864605540758320E-005  1.542420745210750E-013
  1.718667729908791E-008  1.101352510158811E-015  1.354163986542128E-017
  3.042514616556831E-016
 END OF THE OPTIMAL PROPOSAL DENSITY WEIGHTS
 PMat^{1/2}= 
  9.701424893031445E-002
 ALPHA = ,There always are some values that we cannot choose!
  0.342018266842688     
  4.673424124325556E-003
   202.743750792327     
   1.22030734969318     
  2.956723282198971E-002
   1.70602760548101     
  0.166950698834413     
   4.58396567163773     
   11.0482215325032     
   5.92898144442838     
 =======================The Weights Of New Scheme============================
  2.469504782054080E-003  8.264808779055176E-003  0.856969391224313     
  3.644098920950970E-004  4.204624431572364E-003  1.686690222383628E-003
  4.870429384470991E-003  2.635347669147617E-002  5.607788819776467E-002
  3.873877639481514E-002
 =======================END OF THE WEIGHTS OF NEW SCHEME=====================
 TEST OF SIR Weights:
 ===========================
  5.765697620837661E-008  8.624650788265742E-014  3.350550761393367E-007
  9.404870950663437E-004  6.463205073234579E-005  0.998378830331966     
  9.731356685555869E-018  2.851825889484343E-029  1.599098922215575E-015
  6.156578100953104E-004
 END OF THE TEST
 TEST OF THE OPTIMAL PROPOSAL DENSITY WEIGHTS
 ============================================
  1.080172255258071E-007  5.211425545571436E-015  2.103569842692987E-006
  2.705840297144277E-004  3.752561188148457E-006  0.999209359889117     
  1.016537264320168E-016  7.011598274043716E-032  1.326147485053106E-015
  5.140919329055288E-004
 END OF THE OPTIMAL PROPOSAL DENSITY WEIGHTS
 PMat^{1/2}= 
  9.701424893031445E-002
 ALPHA = ,There always are some values that we cannot choose!
  0.233682781757906     
   6.79100437013229     
  0.129042845262072     
  4.885003569333398E-002
  0.114936974496827     
  9.449177751740761E-003
   14.9245297729742     
   16075.4045965744     
   8.92908489732720     
  4.296523184546243E-002
 =======================The Weights Of New Scheme============================
  4.922957811536529E-005  1.224951706543664E-003  1.762719771219272E-004
  9.101595252931288E-005  8.024880885104163E-005  2.189010032439276E-004
  1.894769354339947E-003  0.994439203142854       1.709548849388109E-003
  1.158596270127642E-004
 =======================END OF THE WEIGHTS OF NEW SCHEME=====================
 TEST OF SIR Weights:
 ===========================
  5.596597630713228E-006  3.587847992262733E-010  8.916520967298927E-019
  2.240733646325982E-003  3.414807223275495E-003  3.022918535865983E-024
  0.661026291860524       0.333312570280456       3.300310772010107E-011
  1.234639616212817E-032
 END OF THE TEST
 TEST OF THE OPTIMAL PROPOSAL DENSITY WEIGHTS
 ============================================
  3.132593626554814E-006  3.384337264053823E-010  2.476165450019287E-019
  8.405842477867824E-004  4.193820719123885E-003  3.870385256150463E-023
  0.839701357449189       0.155261104635048       1.679277501887838E-011
  2.094205386407475E-031
 END OF THE OPTIMAL PROPOSAL DENSITY WEIGHTS
 PMat^{1/2}= 
  9.701424893031445E-002
 ALPHA = ,There always are some values that we cannot choose!
  0.105956554288922     
  0.658284927616499     
   44.2132771551749     
  3.462520785380778E-002
  2.510652848708968E-002
   255.127808913227     
  8.699287171252814E-003
  1.219259376774628E-002
   1.20028435308333     
   11484.3067495265     
 =======================The Weights Of New Scheme============================
  1.042337228864625E-004  3.027877267669362E-005  5.159183006704639E-003
  5.073879269524435E-005  2.147142018037859E-004  3.071426392154083E-002
  6.941949528860847E-005  6.892788597121913E-005  2.312737459652979E-005
  0.963565112825836     
 =======================END OF THE WEIGHTS OF NEW SCHEME=====================
 TEST OF SIR Weights:
 ===========================
  1.342664350048093E-004  0.116562136332840       1.544050118356350E-027
  0.253651693538041       3.782337203462845E-013  7.305916429573000E-015
  7.079168197701205E-015  0.629386925833966       2.649778594774299E-004
  2.774124782486152E-013
 END OF THE TEST
 TEST OF THE OPTIMAL PROPOSAL DENSITY WEIGHTS
 ============================================
  4.816476548736225E-005  9.362932959212708E-002  8.456736317383637E-028
  2.302274050571617E-002  2.489224099011261E-012  2.296596076846371E-015
  8.579405688535987E-014  0.883268835870924       3.092926133298013E-005
  1.834943580676673E-012
 END OF THE OPTIMAL PROPOSAL DENSITY WEIGHTS
 PMat^{1/2}= 
  9.701424893031445E-002
 ALPHA = ,There always are some values that we cannot choose!
  0.117527081935553     
  2.584648327787469E-002
   4180.64494637240     
  3.421782804864384E-002
   3.36876754096610     
   13.6290918866801     
   6.60681889793962     
  1.649929021830611E-002
  0.128413278386271     
   3.58062879726869     
 =======================The Weights Of New Scheme============================
  6.010547971532206E-004  2.147532131011373E-004  0.985488446617044     
  1.208453737892166E-003  4.146664676400910E-004  5.765819579775267E-003
  3.785802241569871E-003  5.705177121364699E-004  5.712274293083237E-004
  1.379258204379014E-003
 =======================END OF THE WEIGHTS OF NEW SCHEME=====================
 TEST OF SIR Weights:
 ===========================
  0.900207791771887       6.480418300061273E-015  1.169224651692844E-003
  9.765108162275893E-002  8.276383224872658E-020  1.898187077359797E-006
  2.978644818838281E-005  4.173814449173652E-020  9.402173178394849E-004
  5.498331199371823E-013
 END OF THE TEST
 TEST OF THE OPTIMAL PROPOSAL DENSITY WEIGHTS
 ============================================
  0.978057082144627       9.177526637035931E-014  1.692469723775682E-003
  1.941108155465605E-002  2.871999831880655E-019  3.142753995189883E-005
  9.771072445888399E-005  1.209049782152312E-018  7.102283037834776E-004
  8.655401822648056E-012
 END OF THE OPTIMAL PROPOSAL DENSITY WEIGHTS
 PMat^{1/2}= 
  9.701424893031445E-002
 ALPHA = ,There always are some values that we cannot choose!
  2.935294616254266E-002
   11.8353037295762     
  0.104717763145018     
  6.428573172834175E-002
   149.309574018956     
  0.232414094064471     
  0.185240562795263     
   112.004559361359     
  0.124579029506140     
   4.76724082449526     
 =======================The Weights Of New Scheme============================
  3.067596170153629E-003  2.803609465440281E-002  2.045379399835195E-003
  1.478979214477738E-003  0.630870805819899       2.311829405076777E-003
  1.659705584628682E-003  0.318937260473884       1.112133846675596E-003
  1.048021543096625E-002
 =======================END OF THE WEIGHTS OF NEW SCHEME=====================
 TEST OF SIR Weights:
 ===========================
  3.108235393199133E-011  1.296340329637497E-004  1.666966535105987E-011
  0.999870351846008       5.625552051653191E-012  7.811377776568376E-013
  2.285996808953743E-014  5.299458693687834E-009  8.767388489345189E-009
  2.484860861771797E-022
 END OF THE TEST
 TEST OF THE OPTIMAL PROPOSAL DENSITY WEIGHTS
 ============================================
  7.541311118678784E-010  7.127230534386511E-004  6.553868600181919E-011
  0.999287004298770       5.289193199278631E-011  1.511830898595999E-012
  1.711551528361243E-013  2.928889548300057E-008  2.424846512873779E-007
  1.928884325603412E-022
 END OF THE OPTIMAL PROPOSAL DENSITY WEIGHTS
 PMat^{1/2}= 
  9.701424893031445E-002
 ALPHA = ,There always are some values that we cannot choose!
  0.913905439531217     
  5.831851712238304E-002
   1.48967348548384     
  1.369154902947421E-002
   1.55493682058179     
   3.16584749647095     
   4.89454852080954     
  0.439592257880599     
  0.288040650510502     
   301.529214996312     
 =======================The Weights Of New Scheme============================
  3.100756355075565E-004  2.512787292969387E-003  1.206411791451592E-003
  3.100465187085874E-003  8.479393009110697E-004  2.364411746436417E-003
  7.198276197715818E-003  1.870183797508240E-003  9.147810020518024E-004
  0.979674668048362     
 =======================END OF THE WEIGHTS OF NEW SCHEME=====================
 TEST OF SIR Weights:
 ===========================
  5.053271328439590E-003  6.089166474114133E-007  0.994763293110217     
  7.895693724868570E-007  1.035435353018798E-009  5.166470701279648E-019
  7.143331777464279E-023  6.867529717300187E-005  1.133553575908670E-004
  5.385123990690692E-009
 END OF THE TEST
 TEST OF THE OPTIMAL PROPOSAL DENSITY WEIGHTS
 ============================================
  7.506657788662329E-003  8.251471139185701E-005  0.990902554898984     
  1.835840035274270E-005  8.439595930692120E-007  4.042819592311092E-017
  6.521643705294815E-021  1.480127672561905E-003  7.845695369846884E-006
  1.096873083842033E-006
 END OF THE OPTIMAL PROPOSAL DENSITY WEIGHTS
 PMat^{1/2}= 
  9.701424893031445E-002
 ALPHA = ,There always are some values that we cannot choose!
  0.118849279665889     
  0.292940622715399     
  4.475892917348746E-002
  0.395657051383652     
  0.732523474377328     
   84.8689843869790     
   486.647463093908     
  0.164447032824046     
  0.468985687502589     
  0.695111704779761     
 =======================The Weights Of New Scheme============================
  8.410562888521118E-004  4.179234993271372E-004  1.906590601569883E-003
  5.974658492747453E-004  2.001610602240405E-004  7.182787145759327E-002
  0.921468224083745       1.982041139592665E-003  5.479880356680219E-004
  2.106779841526837E-004
 =======================END OF THE WEIGHTS OF NEW SCHEME=====================
 TEST OF SIR Weights:
 ===========================
  4.713730626295405E-011  1.411720057323467E-011  3.086745442536187E-017
  7.202834068008931E-014  0.991362601509241       8.006028850765495E-003
  6.236197416065634E-004  7.745318316824471E-006  1.089537138626698E-013
  4.518634411905958E-009
 END OF THE TEST
 TEST OF THE OPTIMAL PROPOSAL DENSITY WEIGHTS
 ============================================
  7.503493647085279E-010  2.142483301362637E-009  8.119952687805859E-015
  5.464125899386424E-014  0.871062403481954       0.124762379669848     
  4.078991639944077E-003  9.618603089449701E-005  3.283625902523382E-012
  3.628118060315729E-008
 END OF THE OPTIMAL PROPOSAL DENSITY WEIGHTS
 PMat^{1/2}= 
  9.701424893031445E-002
 ALPHA = ,There always are some values that we cannot choose!
   2.48959702203118     
   2.01835832600106     
   24.5059227360555     
   16.7370001559282     
  3.829763059650266E-002
  5.648914867510832E-002
  0.111962141497315     
  0.236896889753756     
   7.37753069456772     
   1.14616060602609     
 =======================The Weights Of New Scheme============================
  1.497798564533069E-002  2.100997645314502E-002  0.587885958473692     
  0.272640028641840       5.889663390134706E-003  1.151952333865907E-002
  1.015326796920099E-002  1.590241611476397E-002  5.851563252645765E-002
  1.505547446776673E-003
 =======================END OF THE WEIGHTS OF NEW SCHEME=====================
 TEST OF SIR Weights:
 ===========================
  1.753043752260883E-006  2.561049821729691E-015  1.950631131490159E-014
  2.684394586060011E-011  0.999997564348334       6.311197200689693E-007
  5.364497312345266E-020  2.359258936480244E-024  1.389955976210777E-016
  5.146132801540257E-008
 END OF THE TEST
 TEST OF THE OPTIMAL PROPOSAL DENSITY WEIGHTS
 ============================================
  2.824211138994941E-005  7.971535638884042E-015  8.092943382499484E-013
  1.773646885985086E-010  0.999939031911047       3.269521719258028E-005
  2.663159713887791E-018  1.711913762231841E-022  8.315802373540870E-015
  3.058218020628618E-008
 END OF THE OPTIMAL PROPOSAL DENSITY WEIGHTS
 PMat^{1/2}= 
  9.701424893031445E-002
 ALPHA = ,There always are some values that we cannot choose!
  6.188466052840309E-002
   5.02868054038347     
   1.99591087659992     
  0.679186450171556     
  7.616715621662180E-003
  6.009877224580542E-002
   24.9277455382765     
   171.816974999938     
   4.98633684504880     
  0.242475998634735     
 =======================The Weights Of New Scheme============================
  5.168657117908176E-003  3.651846115024229E-002  6.752481629687317E-003
  2.490657443045762E-003  6.471321320714821E-003  9.386051059441200E-003
  6.575595059660372E-002  0.815478593630202       4.397516249082791E-002
  8.002663561326506E-003
 =======================END OF THE WEIGHTS OF NEW SCHEME=====================
 =================================================
 THE RMSE OF THE TRUTH RUN IS = 
  3.808200167996816E-002
 THE RMSE OF ENSEMBLE MEAN OF SIR IS = 
  0.352255551600146     
 THE RMSE OF ENSEMBLE MEAN OF OPD IS = 
  0.336138428081259     
 THE RMSE OF ENSEMBLE MEAN OF New IS = 
  0.279326051747660     
 =================================================
