 TEST OF SIR Weights:
 ===========================
 NaN                      0.000000000000000E+000  0.000000000000000E+000
  0.000000000000000E+000  0.000000000000000E+000  0.000000000000000E+000
  0.000000000000000E+000  0.000000000000000E+000  0.000000000000000E+000
  0.000000000000000E+000
 END OF THE TEST
 TEST OF THE OPTIMAL PROPOSAL DENSITY WEIGHTS
 ============================================
 NaN                      0.000000000000000E+000  0.000000000000000E+000
  0.000000000000000E+000  0.000000000000000E+000  0.000000000000000E+000
  0.000000000000000E+000  0.000000000000000E+000  0.000000000000000E+000
  0.000000000000000E+000
 END OF THE OPTIMAL PROPOSAL DENSITY WEIGHTS
 PMat^{1/2}= 
  9.701424893031445E-002
 ALPHA = ,There always are some values that we cannot choose!
  0.762123581679493     
  0.927879237014631     
   1.19572704420554     
   1.06411077427403     
  0.923361812991302     
   1.05375621252258     
   1.16377268821108     
   1.00140207039807     
   1.08721113105701     
  0.901491543940912     
 =======================The Weights Of New Scheme============================
  0.224559350064870       6.874907053039242E-002  0.183239285548607     
  5.944410478800703E-002  7.359439241388387E-002  5.145569773653062E-002
  0.160784313917825       1.367168758528326E-003  8.313558452448937E-002
  9.367103171686648E-002
 =======================END OF THE WEIGHTS OF NEW SCHEME=====================
 TEST OF SIR Weights:
 ===========================
  0.000000000000000E+000   1.00000000000000       9.583146950163708E-150
  3.037944749568335E-146  2.584448362823606E-219  1.487956126075498E-236
  0.000000000000000E+000  0.000000000000000E+000  4.748687577361058E-160
  1.718666690206755E-279
 END OF THE TEST
 TEST OF THE OPTIMAL PROPOSAL DENSITY WEIGHTS
 ============================================
  0.000000000000000E+000   1.00000000000000       2.830014762919715E-123
  2.896828333795609E-087  3.558925185944853E-185  6.167740616266863E-197
  1.326413268128985E-303  0.000000000000000E+000  5.967261015875690E-117
  1.061768655892297E-192
 END OF THE OPTIMAL PROPOSAL DENSITY WEIGHTS
 PMat^{1/2}= 
  9.701424893031445E-002
 ALPHA = ,There always are some values that we cannot choose!
   1.32684278641473     
  0.866099658530776     
  0.938818506440381     
  0.916838901837199     
  0.977839306081335     
  0.985434655471832     
   1.05707121034125     
   1.08030419357190     
  0.934920728478861     
  0.982692345294110     
 =======================The Weights Of New Scheme============================
  0.384345690681761       0.156578768971473       6.905535483712741E-002
  9.395908168282364E-002  2.555356781966889E-002  1.657073841077330E-002
  6.627440762808395E-002  9.204981417448906E-002  7.502603153182931E-002
  2.058654426196956E-002
 =======================END OF THE WEIGHTS OF NEW SCHEME=====================
 TEST OF SIR Weights:
 ===========================
  0.000000000000000E+000  0.000000000000000E+000  0.000000000000000E+000
  0.000000000000000E+000  0.000000000000000E+000  0.000000000000000E+000
 NaN                      0.000000000000000E+000  0.000000000000000E+000
  0.000000000000000E+000
 END OF THE TEST
 TEST OF THE OPTIMAL PROPOSAL DENSITY WEIGHTS
 ============================================
  0.000000000000000E+000  1.787250788371974E-044  1.229034214837169E-151
  1.100741767246042E-202  0.000000000000000E+000  0.000000000000000E+000
   1.00000000000000       0.000000000000000E+000  0.000000000000000E+000
  2.899831906380836E-266
 END OF THE OPTIMAL PROPOSAL DENSITY WEIGHTS
 PMat^{1/2}= 
  9.701424893031445E-002
 ALPHA = ,There always are some values that we cannot choose!
   1.13790036142186     
  0.845349249148013     
  0.907097694456152     
  0.938078475944639     
   1.11486606089047     
   1.16744672520775     
  0.821366140274770     
   1.01927000109750     
   1.14624080763328     
  0.978148265504782     
 =======================The Weights Of New Scheme============================
  0.126471941634306       0.141377873393327       8.474995807524159E-002
  5.784621421573946E-002  0.103155455657866       0.156676605276477     
  0.165101007626529       1.766109938250297E-002  0.126437927393960     
  2.052191734404962E-002
 =======================END OF THE WEIGHTS OF NEW SCHEME=====================
 TEST OF SIR Weights:
 ===========================
  0.000000000000000E+000  0.000000000000000E+000  0.000000000000000E+000
  0.000000000000000E+000  0.000000000000000E+000  0.000000000000000E+000
  0.000000000000000E+000 NaN                      0.000000000000000E+000
  0.000000000000000E+000
 END OF THE TEST
 TEST OF THE OPTIMAL PROPOSAL DENSITY WEIGHTS
 ============================================
  0.000000000000000E+000  0.000000000000000E+000  0.000000000000000E+000
  0.000000000000000E+000  0.000000000000000E+000  0.000000000000000E+000
  0.000000000000000E+000 NaN                      0.000000000000000E+000
  0.000000000000000E+000
 END OF THE OPTIMAL PROPOSAL DENSITY WEIGHTS
 PMat^{1/2}= 
  9.701424893031445E-002
 ALPHA = ,There always are some values that we cannot choose!
   1.05076991263089     
   1.20138669979432     
  0.949120503710545     
  0.981138669227114     
   1.02033309772126     
   1.16406611385718     
  0.994098424125821     
  0.766927497086601     
  0.974702685539031     
  0.963789797322879     
 =======================The Weights Of New Scheme============================
  6.244151603078261E-002  0.244525580105198       6.406297356127506E-002
  2.371359706318169E-002  2.567776994237721E-002  0.207001596901717     
  7.377766540516216E-003  0.287598237618011       3.108686126577086E-002
  4.651410097117032E-002
 =======================END OF THE WEIGHTS OF NEW SCHEME=====================
 TEST OF SIR Weights:
 ===========================
  0.000000000000000E+000   1.00000000000000       1.094015264380441E-273
  0.000000000000000E+000  5.896408680629885E-057  0.000000000000000E+000
  0.000000000000000E+000  4.915067326401142E-275  3.945911419275298E-194
  0.000000000000000E+000
 END OF THE TEST
 TEST OF THE OPTIMAL PROPOSAL DENSITY WEIGHTS
 ============================================
  0.000000000000000E+000   1.00000000000000       1.046964057803339E-264
  6.603542497914842E-305  6.174291479204015E-070  0.000000000000000E+000
  0.000000000000000E+000  0.000000000000000E+000  5.575879872505467E-192
  0.000000000000000E+000
 END OF THE OPTIMAL PROPOSAL DENSITY WEIGHTS
 PMat^{1/2}= 
  9.701424893031445E-002
 ALPHA = ,There always are some values that we cannot choose!
   1.05977938406662     
  0.832841383312649     
  0.990798119109245     
   1.01735127096556     
  0.871638520361888     
   1.12621715441386     
   1.02142047404360     
   1.03159686186496     
  0.944509232096534     
   1.15050046705969     
 =======================The Weights Of New Scheme============================
  7.894745380112149E-002  0.211836495923779       1.205489096057215E-002
  2.254603285745677E-002  0.168381198593345       0.168085040771840     
  2.809464948329754E-002  4.158660199590628E-002  7.279659811027996E-002
  0.195671037502402     
 =======================END OF THE WEIGHTS OF NEW SCHEME=====================
 TEST OF SIR Weights:
 ===========================
  6.183780898829241E-039  0.000000000000000E+000  7.579359558534851E-248
  0.000000000000000E+000  1.427260509173385E-214  0.000000000000000E+000
  0.000000000000000E+000  6.896139113766986E-305   1.00000000000000     
  3.712124324915414E-231
 END OF THE TEST
 TEST OF THE OPTIMAL PROPOSAL DENSITY WEIGHTS
 ============================================
  5.393961809831883E-010  0.000000000000000E+000  3.398118239846524E-181
  0.000000000000000E+000  1.333918615510366E-217  0.000000000000000E+000
  0.000000000000000E+000  6.565032859804500E-229  0.999999999460604     
  2.910526157237207E-204
 END OF THE OPTIMAL PROPOSAL DENSITY WEIGHTS
 PMat^{1/2}= 
  9.701424893031445E-002
 ALPHA = ,There always are some values that we cannot choose!
  0.857739180825343     
   1.10881565989367     
  0.959996668090252     
   1.07693747830200     
  0.983267016734060     
   1.17740223216586     
   1.06723230832000     
  0.990609064381993     
  0.852525194412945     
  0.974676226908625     
 =======================The Weights Of New Scheme============================
  0.171548964500418       0.134695751734068       4.906721685090096E-002
  9.524826628991868E-002  2.099679264121571E-002  0.217516231524587     
  8.369113141488220E-002  1.184643413483398E-002  0.184308479371473     
  3.108073153770315E-002
 =======================END OF THE WEIGHTS OF NEW SCHEME=====================
 TEST OF SIR Weights:
 ===========================
  3.417662362160373E-225  0.000000000000000E+000  1.626174779316675E-169
  0.000000000000000E+000   1.00000000000000       0.000000000000000E+000
  1.540140309995073E-030  2.065866649901118E-101  0.000000000000000E+000
  0.000000000000000E+000
 END OF THE TEST
 TEST OF THE OPTIMAL PROPOSAL DENSITY WEIGHTS
 ============================================
  2.067894377445191E-170  0.000000000000000E+000  6.310099280151722E-178
  0.000000000000000E+000   1.00000000000000       0.000000000000000E+000
  1.097336236253204E-037  2.105142957378435E-119  0.000000000000000E+000
  0.000000000000000E+000
 END OF THE OPTIMAL PROPOSAL DENSITY WEIGHTS
 PMat^{1/2}= 
  9.701424893031445E-002
 ALPHA = ,There always are some values that we cannot choose!
  0.956172115307950     
   1.05778336352649     
  0.960911426528470     
   1.09087634089214     
  0.855174606877601     
   1.11413463318085     
  0.876223102512342     
  0.924618184564193     
   1.14829676393087     
   1.06410521242905     
 =======================The Weights Of New Scheme============================
  4.735146679682464E-002  6.363596738500731E-002  4.298344250180394E-002
  9.893882744499376E-002  0.165203187822558       0.127158919322982     
  0.137728577893861       8.475844713480048E-002  0.161705609926526     
  7.053555377064336E-002
 =======================END OF THE WEIGHTS OF NEW SCHEME=====================
 TEST OF SIR Weights:
 ===========================
  0.000000000000000E+000  0.000000000000000E+000  0.000000000000000E+000
  0.000000000000000E+000 NaN                      0.000000000000000E+000
  0.000000000000000E+000  0.000000000000000E+000  0.000000000000000E+000
  0.000000000000000E+000
 END OF THE TEST
 TEST OF THE OPTIMAL PROPOSAL DENSITY WEIGHTS
 ============================================
  0.000000000000000E+000  0.000000000000000E+000  0.000000000000000E+000
  0.000000000000000E+000 NaN                      0.000000000000000E+000
  0.000000000000000E+000  0.000000000000000E+000  0.000000000000000E+000
  0.000000000000000E+000
 END OF THE OPTIMAL PROPOSAL DENSITY WEIGHTS
 PMat^{1/2}= 
  9.701424893031445E-002
 ALPHA = ,There always are some values that we cannot choose!
   1.16048829198750     
   1.18909538325934     
  0.945779942513077     
  0.938438727579323     
  0.769355808862951     
  0.856633415381293     
  0.937356732485748     
   1.13936808913354     
   1.19005762383577     
  0.974736722538478     
 =======================The Weights Of New Scheme============================
  0.125190439309930       0.152778963536734       4.216216832465095E-002
  4.836867904105282E-002  0.185956335680456       0.113613017759590     
  4.903546733178779E-002  0.107223181708548       0.156021136486135     
  1.965061082111622E-002
 =======================END OF THE WEIGHTS OF NEW SCHEME=====================
 TEST OF SIR Weights:
 ===========================
 NaN                      0.000000000000000E+000  0.000000000000000E+000
  0.000000000000000E+000  0.000000000000000E+000  0.000000000000000E+000
  0.000000000000000E+000  0.000000000000000E+000  0.000000000000000E+000
  0.000000000000000E+000
 END OF THE TEST
 TEST OF THE OPTIMAL PROPOSAL DENSITY WEIGHTS
 ============================================
 NaN                      0.000000000000000E+000  0.000000000000000E+000
  0.000000000000000E+000  0.000000000000000E+000  0.000000000000000E+000
  0.000000000000000E+000  0.000000000000000E+000  0.000000000000000E+000
  0.000000000000000E+000
 END OF THE OPTIMAL PROPOSAL DENSITY WEIGHTS
 PMat^{1/2}= 
  9.701424893031445E-002
 ALPHA = ,There always are some values that we cannot choose!
  0.728971500462920     
   1.05381616458910     
   1.20602136751243     
   1.01968393250158     
   1.00634818781384     
   1.21291989411144     
   1.04691696851424     
  0.959371664486044     
  0.891889223596567     
  0.968085209557882     
 =======================The Weights Of New Scheme============================
  0.276446767092773       5.356303119733734E-002  0.207048661205142     
  1.949986617902211E-002  6.293708428730373E-003  0.210944661227516     
  4.870616447235595E-002  3.965176285316740E-002  0.105540215252709     
  3.230516209124618E-002
 =======================END OF THE WEIGHTS OF NEW SCHEME=====================
 TEST OF SIR Weights:
 ===========================
  0.000000000000000E+000  5.769531212508209E-163  1.347750839594963E-011
  4.382890546775576E-026  1.286163364302683E-070  0.000000000000000E+000
  4.971193566638103E-307  0.999999999986522       0.000000000000000E+000
  0.000000000000000E+000
 END OF THE TEST
 TEST OF THE OPTIMAL PROPOSAL DENSITY WEIGHTS
 ============================================
  0.000000000000000E+000  2.313920196201897E-154  0.999999999998853     
  5.060440139856068E-023  2.843152001260853E-043  0.000000000000000E+000
  6.773132566511021E-282  1.146517941597344E-012  0.000000000000000E+000
  0.000000000000000E+000
 END OF THE OPTIMAL PROPOSAL DENSITY WEIGHTS
 PMat^{1/2}= 
  9.701424893031445E-002
 ALPHA = ,There always are some values that we cannot choose!
   1.16324343657912     
  0.954366588875885     
  0.862619609226621     
  0.875365766356246     
  0.887105728061653     
   1.05892131144456     
   1.03789492050742     
  0.869422613386717     
   1.18750177577715     
   1.18507986477413     
 =======================The Weights Of New Scheme============================
  0.133483728614593       3.942676553121719E-002  0.119662899381646     
  0.104366063140060       9.477400239931094E-002  5.002638555845443E-002
  3.219042778450500E-002  0.108258332011007       0.158151007257548     
  0.159660388321659     
 =======================END OF THE WEIGHTS OF NEW SCHEME=====================
 =================================================
 THE RMSE OF THE TRUTH RUN IS = 
  1.538737114510490E-003
 THE RMSE OF ENSEMBLE MEAN OF SIR IS = 
  0.186221807973810     
 THE RMSE OF ENSEMBLE MEAN OF OPD IS = 
  0.177436090735371     
 THE RMSE OF ENSEMBLE MEAN OF New IS = 
  0.165358936198245     
 =================================================
