 TEST OF SIR Weights:
 ===========================
   1.00000000000000       4.705496330089164E-119  3.587175833633816E-258
  3.329761366257731E-184  2.515611321783107E-129  1.601300169247610E-052
  1.342963143318708E-234  1.319952747269267E-176  2.499377317911107E-156
  1.835692105047042E-199
 END OF THE TEST
 TEST OF THE OPTIMAL PROPOSAL DENSITY WEIGHTS
 ============================================
   1.00000000000000       4.384571948486802E-108  3.627708930542091E-247
  2.062575236647575E-176  1.014942978939616E-130  8.273458119589233E-043
  8.144640757263223E-212  2.415490492779715E-160  4.165921519795664E-151
  1.185205532163488E-184
 END OF THE OPTIMAL PROPOSAL DENSITY WEIGHTS
 PMat^{1/2}= 
  9.701424893031445E-002
 ALPHA = ,There always are some values that we cannot choose!
  0.523221396996795     
  0.857830812475140     
   1.62766952103017     
   1.17505089179631     
  0.952078181668472     
  0.635111712462172     
   1.38313239152441     
   1.09123801112791     
   1.04579382669087     
   1.22050035112245     
 =======================The Weights Of New Scheme============================
  0.180269020159857       5.312795887074580E-002  0.241807760231462     
  7.050168900226132E-002  1.974480510989892E-002  0.146031339436456     
  0.142405750214133       3.520540048945162E-002  1.735583048157112E-002
  9.355044600416330E-002
 =======================END OF THE WEIGHTS OF NEW SCHEME=====================
 TEST OF SIR Weights:
 ===========================
  1.128784177645672E-172  5.372466311119508E-075  5.103861176042888E-087
  1.820563523224983E-034  1.981444503632514E-250  2.183469639867272E-114
  3.207035997646077E-104  2.821779895510113E-052   1.00000000000000     
  4.449015788768472E-139
 END OF THE TEST
 TEST OF THE OPTIMAL PROPOSAL DENSITY WEIGHTS
 ============================================
  8.999916245817905E-161  5.968949655411763E-084  4.639115980402621E-095
  1.119999427253374E-020  1.592240548469716E-241  3.320013154236910E-106
  1.640791866764972E-107  1.709651669092680E-041   1.00000000000000     
  4.638860109473737E-134
 END OF THE OPTIMAL PROPOSAL DENSITY WEIGHTS
 PMat^{1/2}= 
  9.701424893031445E-002
 ALPHA = ,There always are some values that we cannot choose!
   1.32784745375805     
  0.932190915394983     
  0.981123756373264     
  0.696559510827214     
   1.92598386595645     
   1.03279560810067     
   1.03902633455603     
  0.766638890805988     
  0.635413828388223     
   1.17415069500468     
 =======================The Weights Of New Scheme============================
  0.137153700118957       2.884451881440606E-002  7.366523996197515E-003
  0.111140368805285       0.373739674360252       1.376007079739722E-002
  1.627850676036884E-002  0.102677944674461       0.138999514408094     
  7.003917726458189E-002
 =======================END OF THE WEIGHTS OF NEW SCHEME=====================
 TEST OF SIR Weights:
 ===========================
   1.00000000000000       7.881373676241385E-201  5.829753798464346E-069
  1.229558752605280E-216  1.133600846353932E-101  1.764643281500640E-196
  2.361045044362014E-052  1.510755642752820E-090  1.410658681193301E-059
  1.469502974419092E-082
 END OF THE TEST
 TEST OF THE OPTIMAL PROPOSAL DENSITY WEIGHTS
 ============================================
   1.00000000000000       2.069190596883257E-171  5.932014832605006E-077
  2.881582353485474E-190  6.107687387827619E-089  2.118100191887140E-186
  6.922606722278835E-050  1.468980305866812E-070  2.692952971619341E-042
  6.897373980120054E-063
 END OF THE OPTIMAL PROPOSAL DENSITY WEIGHTS
 PMat^{1/2}= 
  9.701424893031445E-002
 ALPHA = ,There always are some values that we cannot choose!
  0.650709775400967     
   1.42809049974410     
  0.924359537456639     
   1.55764350659459     
  0.976822326615140     
   1.53015504335688     
  0.816031252450227     
  0.897538938849414     
  0.788001190306933     
  0.866383082670095     
 =======================The Weights Of New Scheme============================
  0.139853098932276       0.158416400748877       2.799030662587277E-002
  0.228117637751809       8.760869853307035E-003  0.208353992145280     
  6.657569158960405E-002  3.708849202392376E-002  7.607906036068772E-002
  4.876444996836179E-002
 =======================END OF THE WEIGHTS OF NEW SCHEME=====================
 TEST OF SIR Weights:
 ===========================
  2.559489753641793E-161  1.980579353025307E-154   1.00000000000000     
  2.928865007509062E-198  3.750250531734121E-085  2.640720713781371E-082
  1.558095389428899E-242  1.053595415095784E-168  7.194049900513471E-197
  4.586332535802402E-157
 END OF THE TEST
 TEST OF THE OPTIMAL PROPOSAL DENSITY WEIGHTS
 ============================================
  5.822163643682629E-134  1.702220880182509E-135   1.00000000000000     
  2.548998032059751E-159  3.978459266573167E-053  7.064871996316375E-060
  2.823249991860288E-224  1.705753997471970E-143  5.309591980727766E-169
  3.051884978236385E-144
 END OF THE OPTIMAL PROPOSAL DENSITY WEIGHTS
 PMat^{1/2}= 
  9.701424893031445E-002
 ALPHA = ,There always are some values that we cannot choose!
   1.05491762415005     
   1.06239663141057     
  0.571148074251316     
   1.18559395913909     
  0.727024902752578     
  0.749981426707505     
   1.59899541390871     
   1.10226212299591     
   1.23964860071494     
   1.10606227654277     
 =======================The Weights Of New Scheme============================
  2.321103290344684E-002  2.662012389478899E-002  0.186769536480220     
  7.989823612782014E-002  0.110230920133697       0.106424663006099     
  0.271935377119465       4.549954887374172E-002  0.102658271703745     
  4.675228975697663E-002
 =======================END OF THE WEIGHTS OF NEW SCHEME=====================
 TEST OF SIR Weights:
 ===========================
  7.842033903721688E-064  3.542108721830425E-017  9.041294949285511E-019
  8.435818261347248E-016  5.053226766843714E-004  3.809793098130376E-104
  5.806778181814232E-199  2.593585774145839E-033  0.999494677323315     
  4.976521280614653E-091
 END OF THE TEST
 TEST OF THE OPTIMAL PROPOSAL DENSITY WEIGHTS
 ============================================
  1.178892292276785E-061  4.037188281422127E-031  5.868221743026242E-018
  2.602585797651874E-019  9.309246415243929E-010  7.793780549937309E-108
  1.363012232766070E-191  7.195702502295892E-036  0.999999999069075     
  3.640830276022561E-085
 END OF THE OPTIMAL PROPOSAL DENSITY WEIGHTS
 PMat^{1/2}= 
  9.701424893031445E-002
 ALPHA = ,There always are some values that we cannot choose!
   1.02591654061420     
  0.891338821274461     
  0.838915014238077     
  0.844158834755101     
  0.807824742979805     
   1.26902881607170     
   1.86631944368160     
  0.911047107807171     
  0.774916628294601     
   1.14322728034373     
 =======================The Weights Of New Scheme============================
  1.103302472790292E-002  4.509348747529428E-002  6.873928941514273E-002
  6.617750027461727E-002  7.840170502887507E-002  0.134125004875656     
  0.384357242730617       4.209560680302394E-002  0.105294703318820     
  6.468243535005085E-002
 =======================END OF THE WEIGHTS OF NEW SCHEME=====================
 TEST OF SIR Weights:
 ===========================
  1.091652952399880E-065  2.756054353669115E-069  5.881523924850861E-076
  6.705521050801334E-063  1.792478442918315E-186  1.020701700555612E-019
   1.00000000000000       4.235520451118035E-018  3.132895642444428E-052
  9.288729035380192E-039
 END OF THE TEST
 TEST OF THE OPTIMAL PROPOSAL DENSITY WEIGHTS
 ============================================
  2.642150450092710E-079  3.842689099752887E-074  3.949499365999587E-087
  1.354207252457360E-078  1.327192279825960E-179  4.043516832360149E-021
   1.00000000000000       8.884869014780622E-024  2.613997702809037E-065
  7.095702196118516E-046
 END OF THE OPTIMAL PROPOSAL DENSITY WEIGHTS
 PMat^{1/2}= 
  9.701424893031445E-002
 ALPHA = ,There always are some values that we cannot choose!
   1.06535016591778     
   1.04032017875845     
   1.10444275045865     
   1.06187384215356     
   1.69079293807024     
  0.814934632311538     
  0.741884492080227     
  0.824971586407809     
  0.998853239665526     
  0.913343836076199     
 =======================The Weights Of New Scheme============================
  3.739959435510773E-002  2.258858531403858E-002  5.999385283688988E-002
  3.768779715428775E-002  0.415855606370182       0.111396424669042     
  0.156762748194704       0.105767698302403       6.601647708060091E-004
  5.188752803253904E-002
 =======================END OF THE WEIGHTS OF NEW SCHEME=====================
 TEST OF SIR Weights:
 ===========================
  6.071612549054055E-130  3.677171841011870E-124  1.101433136111037E-154
  8.681585040765408E-145  3.035989578435557E-093   1.00000000000000     
  4.939350907917401E-168  7.199302951998891E-070  1.094242996196378E-197
  1.499910648513598E-136
 END OF THE TEST
 TEST OF THE OPTIMAL PROPOSAL DENSITY WEIGHTS
 ============================================
  3.766013061720333E-129  1.124066451936628E-139  2.772979300296665E-149
  8.349478957860201E-139  1.310655467472762E-096   1.00000000000000     
  1.614519000913247E-162  1.437407871430027E-067  3.519009603892252E-193
  3.737649641626782E-130
 END OF THE OPTIMAL PROPOSAL DENSITY WEIGHTS
 PMat^{1/2}= 
  9.701424893031445E-002
 ALPHA = ,There always are some values that we cannot choose!
   1.03936220075957     
   1.09098077630376     
   1.14033587868858     
   1.08661416802553     
  0.894712912293590     
  0.575332201273115     
   1.21199993292099     
  0.782714757289867     
   1.39580850805685     
   1.04417546635395     
 =======================The Weights Of New Scheme============================
  2.365712392158273E-002  5.043292571083267E-002  8.283703172267719E-002
  5.417342923136100E-002  5.790982878463893E-002  0.241827880819168     
  0.127453820136428       0.117185129456993       0.218644699674880     
  2.587813054143961E-002
 =======================END OF THE WEIGHTS OF NEW SCHEME=====================
 TEST OF SIR Weights:
 ===========================
  9.567230647056015E-076  6.212472715106049E-092  9.321836330550828E-221
   1.00000000000000       3.167716100070355E-263  8.191387006266317E-181
  1.994628190945730E-145  4.619086327602804E-150  8.629151610848109E-237
  1.656577980212463E-106
 END OF THE TEST
 TEST OF THE OPTIMAL PROPOSAL DENSITY WEIGHTS
 ============================================
  1.656548556012157E-056  1.952801319704663E-092  2.335684124068669E-200
   1.00000000000000       2.484539413356274E-243  1.204089288397192E-178
  7.800652216203727E-137  6.002128734951662E-151  1.426604812208357E-220
  8.718746988624517E-100
 END OF THE OPTIMAL PROPOSAL DENSITY WEIGHTS
 PMat^{1/2}= 
  9.701424893031445E-002
 ALPHA = ,There always are some values that we cannot choose!
  0.687045448136272     
  0.810667120220141     
   1.33256084081846     
  0.531402844748608     
   1.62417710117680     
   1.20576467861216     
  0.994579751269222     
   1.06137111536881     
   1.46256530750025     
  0.838577038956319     
 =======================The Weights Of New Scheme============================
  0.111900121923442       6.554569956985071E-002  0.112361131626149     
  0.156128345849979       0.231964240934227       7.202640296076776E-002
  1.880858955439307E-003  1.945725314156055E-002  0.170061672844832     
  5.867427219375178E-002
 =======================END OF THE WEIGHTS OF NEW SCHEME=====================
 TEST OF SIR Weights:
 ===========================
  4.714925105832815E-117  3.386224566797726E-101   1.00000000000000     
  6.647258643518324E-108  7.894954657236243E-132  5.673603742133180E-058
  7.816302259924041E-052  8.421090397520732E-106  1.604197827187210E-205
  7.206507462007056E-079
 END OF THE TEST
 TEST OF THE OPTIMAL PROPOSAL DENSITY WEIGHTS
 ============================================
  9.377464871022473E-114  8.814853732748882E-108   1.00000000000000     
  2.025137281046843E-105  8.283297867047112E-122  6.070353277868025E-053
  5.661132587223703E-035  2.671166343514575E-099  2.660491798004852E-199
  1.118061482091189E-077
 END OF THE OPTIMAL PROPOSAL DENSITY WEIGHTS
 PMat^{1/2}= 
  9.701424893031445E-002
 ALPHA = ,There always are some values that we cannot choose!
   1.10859131001074     
   1.07851256866671     
  0.658742435027408     
   1.06684845323440     
   1.15048042649251     
  0.837817086013311     
  0.771276029585613     
   1.03719935723591     
   1.64386336522889     
  0.938898638863164     
 =======================The Weights Of New Scheme============================
  5.617223444762173E-002  4.325292547225871E-002  0.175014470272629     
  3.570759936730675E-002  8.202162291443890E-002  8.972772401624263E-002
  0.127145732989262       2.027013111550663E-002  0.341993460456067     
  2.869409894866770E-002
 =======================END OF THE WEIGHTS OF NEW SCHEME=====================
 TEST OF SIR Weights:
 ===========================
  9.254228697633799E-100  0.999999876477627       4.083704975422732E-176
  1.235223726591382E-007  4.077780361867258E-124  6.402930532599919E-039
  5.362788476226328E-081  7.141008629208385E-042  2.130375304496603E-021
  3.111446127145997E-152
 END OF THE TEST
 TEST OF THE OPTIMAL PROPOSAL DENSITY WEIGHTS
 ============================================
  3.067487148162033E-094  0.999999999885225       2.267894124860424E-171
  1.147745072880017E-010  7.553167279922361E-104  1.306666075608606E-047
  1.011652854122544E-072  1.709417155886668E-037  2.082642626410865E-033
  8.182519484212456E-148
 END OF THE OPTIMAL PROPOSAL DENSITY WEIGHTS
 PMat^{1/2}= 
  9.701424893031445E-002
 ALPHA = ,There always are some values that we cannot choose!
   1.10789759523606     
  0.720233280261840     
   1.58038150904612     
  0.753969007712860     
   1.15802231156474     
  0.893801040663793     
   1.00337464467605     
  0.853114825239069     
  0.837212985324658     
   1.41790590480338     
 =======================The Weights Of New Scheme============================
  4.856222395790793E-002  0.126639635517529       0.257950526064958     
  0.104009680645808       7.375588745862535E-002  4.749303855133962E-002
  1.550219781102748E-003  6.456675724214025E-002  7.552961042272810E-002
  0.199942420357861     
 =======================END OF THE WEIGHTS OF NEW SCHEME=====================
 =================================================
 THE RMSE OF THE TRUTH RUN IS = 
  3.588299024027557E-003
 THE RMSE OF ENSEMBLE MEAN OF SIR IS = 
  0.232791662246360     
 THE RMSE OF ENSEMBLE MEAN OF OPD IS = 
  0.237165430055139     
 THE RMSE OF ENSEMBLE MEAN OF New IS = 
  0.244120864986027     
 =================================================
