 TEST OF SIR Weights:
 ===========================
   1.00000000000000       9.482691020558470E-071  2.122330012749281E-155
  6.932753922954344E-173  3.203796339038735E-111  7.238950414923047E-278
  0.000000000000000E+000  1.694823500411105E-199  0.000000000000000E+000
  1.162910305747696E-147
 END OF THE TEST
 TEST OF THE OPTIMAL PROPOSAL DENSITY WEIGHTS
 ============================================
   1.00000000000000       9.415145933108831E-083  7.916375387829996E-126
  1.701877853095985E-178  6.361081224119298E-116  6.155584508259345E-269
  0.000000000000000E+000  6.743126008586013E-186  0.000000000000000E+000
  3.772595457516392E-135
 END OF THE OPTIMAL PROPOSAL DENSITY WEIGHTS
 PMat^{1/2}= 
  9.701424893031445E-002
 ALPHA = ,There always are some values that we cannot choose!
  0.752175093040904     
  0.853106132213892     
  0.911422888598746     
  0.988169995199936     
  0.897669758363268     
   1.13534042651773     
   1.26913320878420     
  0.999462201474892     
   1.44769006309946     
  0.924558768083709     
 =======================The Weights Of New Scheme============================
  0.159394305164024       9.758227504452686E-002  5.972133651815412E-002
  7.512515060559246E-003  6.850305587742775E-002  8.912440025983050E-002
  0.175228829348251       3.401038461598812E-004  0.292370543024599     
  5.022263585646827E-002
 =======================END OF THE WEIGHTS OF NEW SCHEME=====================
 TEST OF SIR Weights:
 ===========================
  6.028900233834707E-188  1.706951739837027E-144  1.640330209916368E-050
  1.911242602700657E-092  1.104555468828032E-038  1.410797446760724E-202
   1.00000000000000       5.537278402056805E-085  1.234200672616388E-083
  1.952347520569174E-090
 END OF THE TEST
 TEST OF THE OPTIMAL PROPOSAL DENSITY WEIGHTS
 ============================================
  4.141335642748262E-190  3.948228403351388E-158  4.928305302006138E-099
  6.032210007776300E-106  1.803166989706732E-074  2.181827735410072E-183
   1.00000000000000       1.635512583995065E-100  2.137581777854237E-106
  1.097021226518893E-113
 END OF THE OPTIMAL PROPOSAL DENSITY WEIGHTS
 PMat^{1/2}= 
  9.701424893031445E-002
 ALPHA = ,There always are some values that we cannot choose!
   1.12524285518804     
   1.07133860851460     
  0.978428796096375     
  0.988865837136695     
  0.942222925600910     
   1.11369211287796     
  0.841377752489661     
  0.980652760201336     
  0.989549998540735     
   1.00068536350115     
 =======================The Weights Of New Scheme============================
  0.213061028372078       0.122648698742844       3.622326001812596E-002
  1.890463110006587E-002  9.762310412394169E-002  0.190962832547647     
  0.268603358105261       3.282450629385929E-002  1.799860814622389E-002
  1.149972549953236E-003
 =======================END OF THE WEIGHTS OF NEW SCHEME=====================
 TEST OF SIR Weights:
 ===========================
  1.176985427680543E-099  0.000000000000000E+000  5.176272072655835E-082
  7.313941779119093E-230   1.00000000000000       1.022954795227310E-244
  1.334440532795402E-201  4.712292891289044E-294  4.660670912503370E-113
  7.085886314048224E-030
 END OF THE TEST
 TEST OF THE OPTIMAL PROPOSAL DENSITY WEIGHTS
 ============================================
  3.199160267310531E-090  1.113716386872161E-265  6.113187828134755E-065
  2.018941372033338E-216   1.00000000000000       1.493617376881763E-221
  1.720139327469943E-201  1.384537275021448E-287  4.148327074406262E-078
  1.124846823547870E-026
 END OF THE OPTIMAL PROPOSAL DENSITY WEIGHTS
 PMat^{1/2}= 
  9.701424893031445E-002
 ALPHA = ,There always are some values that we cannot choose!
  0.918870257788082     
   1.20289125799727     
  0.883893702968538     
   1.11528912956773     
  0.800923220660960     
   1.12410805239175     
   1.09001843404868     
   1.24402759880400     
  0.901942745381891     
  0.833470352620737     
 =======================The Weights Of New Scheme============================
  5.616852819887680E-002  0.140908289701521       8.000040239061532E-002
  8.088548844890223E-002  0.148936999383794       8.252586425970436E-002
  6.286262422529698E-002  0.162528712994147       6.926902591725878E-002
  0.115914064479883     
 =======================END OF THE WEIGHTS OF NEW SCHEME=====================
 TEST OF SIR Weights:
 ===========================
  5.248410542088652E-119  4.967800217508808E-062  0.000000000000000E+000
  2.145928974250701E-286  1.292675687572055E-239  4.826504862998396E-051
  2.074865445667156E-013  0.999999999999792       0.000000000000000E+000
  2.615090448408057E-273
 END OF THE TEST
 TEST OF THE OPTIMAL PROPOSAL DENSITY WEIGHTS
 ============================================
  1.358985863253080E-104  8.312100015355552E-061  0.000000000000000E+000
  0.000000000000000E+000  1.945716391643295E-250  1.478775298537591E-103
   1.00000000000000       3.708333663281366E-025  0.000000000000000E+000
  2.429939372664859E-254
 END OF THE OPTIMAL PROPOSAL DENSITY WEIGHTS
 PMat^{1/2}= 
  9.701424893031445E-002
 ALPHA = ,There always are some values that we cannot choose!
  0.878413845725634     
  0.821312013479602     
   1.35422673380954     
   1.23921427674028     
   1.09882516306301     
  0.877017072690692     
  0.748953145717953     
  0.777574237834929     
   1.33134553291693     
   1.10542916590639     
 =======================The Weights Of New Scheme============================
  5.968889271983779E-002  8.905374744227915E-002  0.174681834229861     
  0.119720548559504       5.061164762371036E-002  6.046868898254452E-002
  0.125366366350621       0.112140620012167       0.156011306470960     
  5.225634760851643E-002
 =======================END OF THE WEIGHTS OF NEW SCHEME=====================
 TEST OF SIR Weights:
 ===========================
  0.000000000000000E+000  0.000000000000000E+000  6.279863485376251E-308
  4.455069051850947E-303   1.00000000000000       0.000000000000000E+000
  8.702994111608890E-131  0.000000000000000E+000  0.000000000000000E+000
  1.038330423346865E-253
 END OF THE TEST
 TEST OF THE OPTIMAL PROPOSAL DENSITY WEIGHTS
 ============================================
  0.000000000000000E+000  2.635823567158321E-302  1.853929997094202E-293
  1.274125129578727E-262   1.00000000000000       0.000000000000000E+000
  5.675134042980423E-125  0.000000000000000E+000  0.000000000000000E+000
  1.089607247530045E-212
 END OF THE OPTIMAL PROPOSAL DENSITY WEIGHTS
 PMat^{1/2}= 
  9.701424893031445E-002
 ALPHA = ,There always are some values that we cannot choose!
   1.25562260821667     
   1.06153272805279     
   1.04721359210362     
  0.998796912662840     
  0.668160297427552     
   1.17382250111405     
  0.808558316703304     
   1.08995711768637     
   1.12176533140084     
  0.925101004769090     
 =======================The Weights Of New Scheme============================
  0.191303249383679       4.561707324406260E-002  3.423606342715326E-002
  8.965960408623485E-004  0.245877104690956       0.128156202440221     
  0.139709254142161       6.478002167794890E-002  9.328558128631648E-002
  5.613885366664027E-002
 =======================END OF THE WEIGHTS OF NEW SCHEME=====================
 TEST OF SIR Weights:
 ===========================
  2.379173265625580E-099  1.563759934624621E-130  8.498004070823614E-071
  0.000000000000000E+000  1.097887015008744E-184  1.248965845835838E-231
   1.00000000000000       3.569792870205295E-185  1.363778673083843E-019
  5.985162624719824E-177
 END OF THE TEST
 TEST OF THE OPTIMAL PROPOSAL DENSITY WEIGHTS
 ============================================
  1.764838250631319E-129  1.136191653881648E-150  4.250854384420937E-086
  0.000000000000000E+000  1.355191347977131E-176  1.351443115644671E-241
   1.00000000000000       5.893877516470253E-206  3.291549399336752E-072
  1.180600241447922E-203
 END OF THE OPTIMAL PROPOSAL DENSITY WEIGHTS
 PMat^{1/2}= 
  9.701424893031445E-002
 ALPHA = ,There always are some values that we cannot choose!
  0.948246227532184     
  0.979599660199412     
  0.887155895022942     
   1.38016777122153     
   1.01936783654503     
   1.12632846962191     
  0.778189906573991     
   1.06636363433611     
  0.868441682267474     
   1.06260256103355     
 =======================The Weights Of New Scheme============================
  4.438997831071762E-002  1.714814825827451E-002  9.351438836328529E-002
  0.316078243052902       1.713282282812840E-002  0.104692844961721     
  0.192985831904653       5.253398894386030E-002  0.107465278089490     
  5.405847528696708E-002
 =======================END OF THE WEIGHTS OF NEW SCHEME=====================
 TEST OF SIR Weights:
 ===========================
  1.108146171280163E-136  4.745893328444308E-003  2.486168860963908E-054
  1.005841321381849E-142  1.603207337042629E-062  1.104406001695813E-113
  8.946532333709823E-105  0.000000000000000E+000  0.995254106671556     
  2.912812781864789E-049
 END OF THE TEST
 TEST OF THE OPTIMAL PROPOSAL DENSITY WEIGHTS
 ============================================
  1.313328102373118E-136  0.999999999996555       2.090653159926842E-035
  3.708504027145779E-113  3.071178476408146E-064  1.150516638081645E-099
  3.101539286786448E-089  0.000000000000000E+000  3.444635769687307E-012
  5.005789958991687E-041
 END OF THE OPTIMAL PROPOSAL DENSITY WEIGHTS
 PMat^{1/2}= 
  9.701424893031445E-002
 ALPHA = ,There always are some values that we cannot choose!
   1.07338005320404     
  0.871296098372608     
  0.918936667839927     
   1.03542736058032     
  0.960522551662410     
   1.01420366127324     
  0.998093861131030     
   1.40614758894699     
  0.886763224140761     
  0.926899798052984     
 =======================The Weights Of New Scheme============================
  7.723229581103949E-002  0.134475056947134       8.785498502660045E-002
  3.696119041949818E-002  4.022087397473947E-002  1.494814291092146E-002
  2.060565134833175E-003  0.417406670985585       0.115365733627903     
  7.347448516174576E-002
 =======================END OF THE WEIGHTS OF NEW SCHEME=====================
 TEST OF SIR Weights:
 ===========================
  7.154252068030699E-150  0.000000000000000E+000  8.135877803971975E-221
  1.638396290240212E-139  8.254406660809556E-204   1.00000000000000     
  8.817861378415650E-204  6.515185445419757E-212  3.023625512942246E-096
  2.660967802073706E-153
 END OF THE TEST
 TEST OF THE OPTIMAL PROPOSAL DENSITY WEIGHTS
 ============================================
  6.049190968079388E-148  0.000000000000000E+000  2.123918429832564E-211
  4.256004010098138E-115  1.224826073263398E-187   1.00000000000000     
  5.049265824008143E-212  1.109746881482585E-201  7.869516567014131E-082
  2.406177090765831E-124
 END OF THE OPTIMAL PROPOSAL DENSITY WEIGHTS
 PMat^{1/2}= 
  9.701424893031445E-002
 ALPHA = ,There always are some values that we cannot choose!
  0.978779730227733     
   1.30731288203447     
   1.07891692641648     
  0.930650818657278     
   1.04027313288665     
  0.780799329532670     
   1.07995073965559     
   1.06294130193359     
  0.884318681464233     
  0.943956279780208     
 =======================The Weights Of New Scheme============================
  1.989864461580640E-002  0.301526725063167       7.577758867923556E-002
  6.357685073752148E-002  3.805214333170432E-002  0.204821289794921     
  7.482721344847816E-002  5.999195446447659E-002  0.107554167029969     
  5.397342283472015E-002
 =======================END OF THE WEIGHTS OF NEW SCHEME=====================
 TEST OF SIR Weights:
 ===========================
  2.496705832861312E-216  0.000000000000000E+000  5.086687946772536E-205
  0.000000000000000E+000  0.000000000000000E+000  0.000000000000000E+000
  0.000000000000000E+000  0.000000000000000E+000   1.00000000000000     
  0.000000000000000E+000
 END OF THE TEST
 TEST OF THE OPTIMAL PROPOSAL DENSITY WEIGHTS
 ============================================
  6.988010389200453E-215  3.910906542808646E-283  1.538591509107209E-181
  0.000000000000000E+000  0.000000000000000E+000  0.000000000000000E+000
  0.000000000000000E+000  5.524304557386762E-283   1.00000000000000     
  0.000000000000000E+000
 END OF THE OPTIMAL PROPOSAL DENSITY WEIGHTS
 PMat^{1/2}= 
  9.701424893031445E-002
 ALPHA = ,There always are some values that we cannot choose!
  0.894777757247817     
  0.993611395668327     
  0.850132592416799     
   1.15746360213948     
   1.16175557604121     
   1.21363792230038     
   1.22124104030531     
  0.993382634260062     
  0.644087319010460     
   1.03754666857228     
 =======================The Weights Of New Scheme============================
  7.408201682790305E-002  4.462771771356221E-003  0.101321031267574     
  0.111125156391298       0.114049468871450       0.147364543158192     
  0.160036295872338       4.752626931457153E-003  0.256534497772364     
  2.627159113606841E-002
 =======================END OF THE WEIGHTS OF NEW SCHEME=====================
 TEST OF SIR Weights:
 ===========================
  0.000000000000000E+000  3.026481464226832E-099  8.868258327706829E-179
  4.750621997467694E-184  1.085958155849447E-181  3.950242934457317E-145
  1.036524780195444E-243  8.736669063468871E-164   1.00000000000000     
  2.461714633326987E-247
 END OF THE TEST
 TEST OF THE OPTIMAL PROPOSAL DENSITY WEIGHTS
 ============================================
  0.000000000000000E+000  4.158417954625067E-137  5.409550607611873E-190
  5.061240637672839E-218  7.784084246658996E-186  1.903620680513870E-170
  3.225203771376605E-249  1.311592728005089E-184   1.00000000000000     
  1.826461702146665E-210
 END OF THE OPTIMAL PROPOSAL DENSITY WEIGHTS
 PMat^{1/2}= 
  9.701424893031445E-002
 ALPHA = ,There always are some values that we cannot choose!
   1.23375409394157     
  0.926229597398875     
   1.00455988748239     
   1.04872535664062     
  0.998168365174272     
  0.974865915834217     
   1.10016772957165     
  0.996290694719274     
  0.751273275132379     
   1.03662942683833     
 =======================The Weights Of New Scheme============================
  0.298608073246830       9.546776945751007E-002  6.134675816356724E-003
  6.725089263659556E-002  2.352822609659919E-003  3.282760945993485E-002
  0.128779544743016       4.837101612861282E-003  0.315634626526031     
  4.810688389120502E-002
 =======================END OF THE WEIGHTS OF NEW SCHEME=====================
 =================================================
 THE RMSE OF THE TRUTH RUN IS = 
  1.408485560907690E-003
 THE RMSE OF ENSEMBLE MEAN OF SIR IS = 
  0.201118090868196     
 THE RMSE OF ENSEMBLE MEAN OF OPD IS = 
  0.198866029418542     
 THE RMSE OF ENSEMBLE MEAN OF New IS = 
  0.202330817469128     
 =================================================
