 TEST OF SIR Weights:
 ===========================
  7.801122478897918E-089  0.999999999999999       1.945146894677916E-068
  1.165122633940420E-063  6.796990127925218E-085  6.754116832160002E-117
  5.098376739543190E-164  7.931352738225843E-121  4.088535469135670E-105
  5.691214989352182E-016
 END OF THE TEST
 TEST OF THE OPTIMAL PROPOSAL DENSITY WEIGHTS
 ============================================
  2.750612280656016E-077   1.00000000000000       6.715995653090553E-067
  2.745627261745591E-065  1.527113376217345E-094  3.311076759867351E-112
  7.666574871188232E-150  1.976140730878187E-116  2.381516905420629E-098
  1.415384004513292E-016
 END OF THE OPTIMAL PROPOSAL DENSITY WEIGHTS
 PMat^{1/2}= 
  9.701424893031445E-002
 ALPHA = ,There always are some values that we cannot choose!
  0.988426942936330     
  0.694741806868806     
  0.942256653969739     
  0.935289697879446     
   1.07017719288591     
   1.16086975225828     
   1.38055664618786     
   1.18367315471531     
   1.08910493635529     
  0.747345949841745     
 =======================The Weights Of New Scheme============================
  7.575854115704866E-003  0.191531257824995       4.001188230972701E-002
  4.381642058370133E-002  4.508521557920052E-002  0.100556469778726     
  0.242569381845478       0.118810429380159       6.273797231036844E-002
  0.147305116271941     
 =======================END OF THE WEIGHTS OF NEW SCHEME=====================
 TEST OF SIR Weights:
 ===========================
  7.652447418824070E-065  6.533243136664032E-171  3.432411875480483E-101
   1.00000000000000       5.545076001748582E-124  6.796836202254629E-146
  3.151114125583264E-094  2.554805239673433E-049  2.987581513504466E-127
  2.225995063332837E-034
 END OF THE TEST
 TEST OF THE OPTIMAL PROPOSAL DENSITY WEIGHTS
 ============================================
  8.808612507446309E-060  1.097327551247364E-150  4.345220226214882E-088
   1.00000000000000       3.876450783411523E-124  4.044696783739442E-128
  6.579596370237565E-108  1.405609125170012E-051  7.646548781880623E-128
  2.021971180184521E-041
 END OF THE OPTIMAL PROPOSAL DENSITY WEIGHTS
 PMat^{1/2}= 
  9.701424893031445E-002
 ALPHA = ,There always are some values that we cannot choose!
  0.878021116789352     
   1.33448625028649     
   1.00027347496081     
  0.668951721982346     
   1.18091301069851     
   1.20276561555663     
   1.09586833320798     
  0.845471644705535     
   1.20123463344701     
  0.806832207198497     
 =======================The Weights Of New Scheme============================
  6.826794065218332E-002  0.178727287987544       1.509686992872918E-004
  0.177689063078779       0.103474626876290       0.100094432038427     
  5.550586158446803E-002  9.184415362231624E-002  0.109499133827190     
  0.114746531633516     
 =======================END OF THE WEIGHTS OF NEW SCHEME=====================
 TEST OF SIR Weights:
 ===========================
  8.101457845159741E-093  2.979376998626033E-096  5.712337928622655E-130
   1.00000000000000       2.521552739025949E-162  4.172015634858402E-061
  1.671227211770320E-138  2.883758270279245E-064  4.177056560887671E-150
  1.799148177291598E-123
 END OF THE TEST
 TEST OF THE OPTIMAL PROPOSAL DENSITY WEIGHTS
 ============================================
  1.289586518142236E-084  4.464432369578812E-083  8.351230804148108E-113
   1.00000000000000       1.917554276671796E-140  7.659886488950754E-049
  5.239534215737084E-119  9.298391148854859E-028  8.134799533931103E-140
  1.388823668969182E-110
 END OF THE OPTIMAL PROPOSAL DENSITY WEIGHTS
 PMat^{1/2}= 
  9.701424893031445E-002
 ALPHA = ,There always are some values that we cannot choose!
  0.990140956934933     
  0.983146853990270     
   1.12739064137809     
  0.672849488097331     
   1.28041994649884     
  0.839748973558033     
   1.16005703188941     
  0.762045864735138     
   1.27672461808482     
   1.11591889730343     
 =======================The Weights Of New Scheme============================
  5.306790271393498E-003  8.826062074193003E-003  7.527944981021850E-002
  0.187300442650025       0.176199569477580       8.905144233364930E-002
  9.142661272806223E-002  0.139588466436765       0.165808151248410     
  6.121301296970307E-002
 =======================END OF THE WEIGHTS OF NEW SCHEME=====================
 TEST OF SIR Weights:
 ===========================
  1.411043083590870E-057  1.404059928163274E-076  5.182618154021185E-029
  3.240538942474990E-086  5.838427492971627E-036  2.279022576388962E-082
  5.819995780436089E-136   1.00000000000000       3.782812149763951E-072
  1.015743002185073E-165
 END OF THE TEST
 TEST OF THE OPTIMAL PROPOSAL DENSITY WEIGHTS
 ============================================
  7.631868588335375E-052  1.130115526151811E-058  1.498189822743977E-013
  8.905660917170129E-075  1.440407141195911E-023  1.315061021400139E-077
  3.767164800074101E-125  0.999999999999850       7.580799449246442E-062
  1.029332893347407E-128
 END OF THE OPTIMAL PROPOSAL DENSITY WEIGHTS
 PMat^{1/2}= 
  9.701424893031445E-002
 ALPHA = ,There always are some values that we cannot choose!
  0.955863941684653     
  0.986404613877121     
  0.801327794945770     
   1.06233626771828     
  0.839159219096324     
   1.07627548666674     
   1.33970541090153     
  0.755372797017915     
   1.00092586183911     
   1.36187180578647     
 =======================The Weights Of New Scheme============================
  2.970996542151530E-002  9.401087905020757E-003  0.136822081630341     
  3.966235167058355E-002  9.915050699138249E-002  5.584548730984100E-002
  0.219518272158340       0.166227023533140       6.068169512681094E-004
  0.243056406428568     
 =======================END OF THE WEIGHTS OF NEW SCHEME=====================
 TEST OF SIR Weights:
 ===========================
  4.465753830970414E-195  5.995274467478546E-211  1.547283915264212E-008
  1.643464186768512E-109  2.514518360995699E-169  3.350291504077862E-086
  6.066033930059894E-187  4.335132057656892E-281  9.728130494372826E-220
  0.999999984527161     
 END OF THE TEST
 TEST OF THE OPTIMAL PROPOSAL DENSITY WEIGHTS
 ============================================
  1.661159359700199E-178  1.621706910773100E-212  1.603350125077366E-012
  4.532274981119372E-103  4.173531266745719E-159  6.987646551810829E-086
  7.245318740290027E-176  1.429418093934013E-262  8.787500393801002E-209
  0.999999999998397     
 END OF THE OPTIMAL PROPOSAL DENSITY WEIGHTS
 PMat^{1/2}= 
  9.701424893031445E-002
 ALPHA = ,There always are some values that we cannot choose!
   1.19426940443053     
   1.39676448630990     
  0.556074618109142     
  0.843782466200515     
   1.09219987289975     
  0.779568831841861     
   1.17983972313002     
   1.75886622945376     
   1.37295213981539     
  0.526675515494247     
 =======================The Weights Of New Scheme============================
  5.588930759697423E-002  0.123794555844692       0.132429536302079     
  4.875857851846246E-002  2.673007192518398E-002  6.724495934537555E-002
  5.389758768258812E-002  0.230062769909329       0.115438182710984     
  0.145754450164332     
 =======================END OF THE WEIGHTS OF NEW SCHEME=====================
 TEST OF SIR Weights:
 ===========================
  3.219565237972747E-080  1.630801635830857E-149  1.007653038701512E-109
  9.273343036830299E-129  1.211248532632198E-185   1.00000000000000     
  1.173690185442559E-166  2.733003776821805E-250  4.565109924025914E-110
  3.708136354672670E-085
 END OF THE TEST
 TEST OF THE OPTIMAL PROPOSAL DENSITY WEIGHTS
 ============================================
  1.695190846075586E-073  4.065650210344390E-129  5.282687496517257E-089
  1.533020625658439E-118  1.507571426309132E-156   1.00000000000000     
  2.315940792400660E-144  3.841985388382585E-202  4.196355010931935E-099
  1.074204285918904E-064
 END OF THE OPTIMAL PROPOSAL DENSITY WEIGHTS
 PMat^{1/2}= 
  9.701424893031445E-002
 ALPHA = ,There always are some values that we cannot choose!
  0.853979051038191     
   1.10328418874916     
  0.917191337828048     
   1.05083507018739     
   1.25184079010652     
  0.610809318937935     
   1.18352162984969     
   1.54431732248655     
  0.960859547641965     
  0.820055943484667     
 =======================The Weights Of New Scheme============================
  7.281475547604084E-002  5.363820538566230E-002  4.114976111378325E-002
  2.758548445457742E-002  0.123798615554029       0.206303281907831     
  9.095312844030154E-002  0.265049422599299       1.947410379613497E-002
  9.923324127234073E-002
 =======================END OF THE WEIGHTS OF NEW SCHEME=====================
 TEST OF SIR Weights:
 ===========================
   1.00000000000000       7.639321541767438E-137  2.325009643629337E-052
  1.039214787163070E-093  2.947333269822927E-143  1.995817520687871E-088
  3.244871730574392E-155  2.093932131333207E-139  3.796710779041499E-214
  2.442208831823757E-047
 END OF THE TEST
 TEST OF THE OPTIMAL PROPOSAL DENSITY WEIGHTS
 ============================================
   1.00000000000000       7.466380303354080E-115  3.564353156779826E-045
  2.495108753734522E-100  2.534618257009989E-124  1.582941989708976E-076
  2.370628890065683E-139  4.530352563488112E-117  2.250166745771381E-196
  1.442234671004811E-042
 END OF THE OPTIMAL PROPOSAL DENSITY WEIGHTS
 PMat^{1/2}= 
  9.701424893031445E-002
 ALPHA = ,There always are some values that we cannot choose!
  0.645644656139620     
   1.09206211362765     
  0.792299896805535     
   1.02140829818948     
   1.14073754504684     
  0.915365691625882     
   1.22248582947209     
   1.10326869872929     
   1.58960467520340     
  0.782844471585481     
 =======================The Weights Of New Scheme============================
  0.168618349074984       4.646764875033792E-002  9.819116391588319E-002
  1.078776583389550E-002  7.133448225198713E-002  4.116160174188559E-002
  0.104056206510635       4.987116592314452E-002  0.305453984409900     
  0.104057631587346     
 =======================END OF THE WEIGHTS OF NEW SCHEME=====================
 TEST OF SIR Weights:
 ===========================
  4.714925105832815E-117  3.386224566797726E-101   1.00000000000000     
  6.647258643518324E-108  7.894954657236243E-132  5.673603742133180E-058
  7.816302259924041E-052  8.421090397520732E-106  1.604197827187210E-205
  7.206507462007056E-079
 END OF THE TEST
 TEST OF THE OPTIMAL PROPOSAL DENSITY WEIGHTS
 ============================================
  9.377464871022473E-114  8.814853732748882E-108   1.00000000000000     
  2.025137281046843E-105  8.283297867047112E-122  6.070353277868025E-053
  5.661132587223703E-035  2.671166343514575E-099  2.660491798004852E-199
  1.118061482091189E-077
 END OF THE OPTIMAL PROPOSAL DENSITY WEIGHTS
 PMat^{1/2}= 
  9.701424893031445E-002
 ALPHA = ,There always are some values that we cannot choose!
   1.10859131001074     
   1.07851256866671     
  0.658742435027408     
   1.06684845323440     
   1.15048042649251     
  0.837817086013311     
  0.771276029585613     
   1.03719935723591     
   1.64386336522889     
  0.938898638863164     
 =======================The Weights Of New Scheme============================
  5.617223444762173E-002  4.325292547225871E-002  0.175014470272629     
  3.570759936730675E-002  8.202162291443890E-002  8.972772401624263E-002
  0.127145732989262       2.027013111550663E-002  0.341993460456067     
  2.869409894866770E-002
 =======================END OF THE WEIGHTS OF NEW SCHEME=====================
 TEST OF SIR Weights:
 ===========================
  1.786779260843591E-108  1.160267868979947E-106  3.049046491756376E-036
  5.391411056638005E-158  9.322526489472560E-085  1.150228131781718E-189
  3.419280014603864E-118  0.999999999935323       6.467666075851749E-011
  3.170806820213620E-086
 END OF THE TEST
 TEST OF THE OPTIMAL PROPOSAL DENSITY WEIGHTS
 ============================================
  1.259904843848257E-091  9.256851215731674E-088  6.817027118776654E-045
  1.188110049358321E-163  2.429936307923062E-083  3.466914268412653E-171
  3.472746053908330E-111  6.684439809145983E-003  0.993315560190854     
  4.042886697207134E-096
 END OF THE OPTIMAL PROPOSAL DENSITY WEIGHTS
 PMat^{1/2}= 
  9.701424893031445E-002
 ALPHA = ,There always are some values that we cannot choose!
   1.02937445368240     
   1.01120948585867     
  0.830055002861318     
   1.43424831447984     
  0.990838496699890     
   1.48488963350235     
   1.12640019105210     
  0.684106838056550     
  0.677298146377856     
   1.05089827308450     
 =======================The Weights Of New Scheme============================
  1.517377573798691E-002  5.521704891550140E-003  9.472152618957665E-002
  0.218292622735103       4.512251063961996E-003  0.254089109714714     
  6.387217305847656E-002  0.153646854902161       0.164816580580891     
  2.535340112557866E-002
 =======================END OF THE WEIGHTS OF NEW SCHEME=====================
 TEST OF SIR Weights:
 ===========================
  4.978168124454648E-152  1.820855533480702E-002  1.201139755411208E-080
  4.325745345863243E-157  5.830926280855402E-017  0.981791444665193     
  7.943225084252194E-118  6.633599129309497E-160  6.237819989567543E-100
  1.187680180418112E-177
 END OF THE TEST
 TEST OF THE OPTIMAL PROPOSAL DENSITY WEIGHTS
 ============================================
  8.455403212994075E-140  0.999999990925822       9.715989080700812E-086
  1.415399707572821E-143  4.097706223958961E-009  4.976471340241788E-009
  1.162596753343430E-114  1.729696078037243E-144  8.154800285218765E-099
  4.646517293697580E-150
 END OF THE OPTIMAL PROPOSAL DENSITY WEIGHTS
 PMat^{1/2}= 
  9.701424893031445E-002
 ALPHA = ,There always are some values that we cannot choose!
   1.26007707932957     
  0.664127372720484     
  0.982372974818634     
   1.28218184231900     
  0.690281602848296     
  0.690013420205106     
   1.12232987205203     
   1.28758361330141     
   1.04334647681106     
   1.32104352090913     
 =======================The Weights Of New Scheme============================
  0.113841436672695       0.149454416093663       8.246622961633886E-003
  0.125297980849532       0.147665118736671       0.123272267521216     
  5.173202736439132E-002  0.125410944718061       1.767570418479956E-002
  0.137403480897336     
 =======================END OF THE WEIGHTS OF NEW SCHEME=====================
 =================================================
 THE RMSE OF THE TRUTH RUN IS = 
  3.152173410715383E-003
 THE RMSE OF ENSEMBLE MEAN OF SIR IS = 
  0.181726877606786     
 THE RMSE OF ENSEMBLE MEAN OF OPD IS = 
  0.214563249058015     
 THE RMSE OF ENSEMBLE MEAN OF New IS = 
  0.193680104540641     
 =================================================
