 TEST OF SIR Weights:
 ===========================
 NaN                      0.000000000000000E+000  0.000000000000000E+000
  0.000000000000000E+000  0.000000000000000E+000  0.000000000000000E+000
  0.000000000000000E+000  0.000000000000000E+000  0.000000000000000E+000
  0.000000000000000E+000
 END OF THE TEST
 TEST OF THE OPTIMAL PROPOSAL DENSITY WEIGHTS
 ============================================
 NaN                      0.000000000000000E+000  0.000000000000000E+000
  0.000000000000000E+000  0.000000000000000E+000  0.000000000000000E+000
  0.000000000000000E+000  0.000000000000000E+000  0.000000000000000E+000
  0.000000000000000E+000
 END OF THE OPTIMAL PROPOSAL DENSITY WEIGHTS
 PMat^{1/2}= 
  9.701424893031445E-002
 ALPHA = ,There always are some values that we cannot choose!
  0.734900481702855     
  0.998608172385035     
  0.902155068369236     
   1.05192286590346     
   1.28838749199888     
   1.13797277496594     
  0.906330389226685     
  0.949136663445823     
   1.00467286149904     
   1.13316441584292     
 =======================The Weights Of New Scheme============================
  0.233303796169472       1.188806621429301E-003  8.727626779509919E-002
  4.589919315273533E-002  0.255810309744931       0.125243223775603     
  8.431092174823568E-002  4.677231518079716E-002  3.921775947297102E-003
  0.116273389864400     
 =======================END OF THE WEIGHTS OF NEW SCHEME=====================
 TEST OF SIR Weights:
 ===========================
  0.000000000000000E+000  0.000000000000000E+000  0.000000000000000E+000
  0.000000000000000E+000 NaN                      0.000000000000000E+000
  0.000000000000000E+000  0.000000000000000E+000  0.000000000000000E+000
  0.000000000000000E+000
 END OF THE TEST
 TEST OF THE OPTIMAL PROPOSAL DENSITY WEIGHTS
 ============================================
  0.000000000000000E+000  0.000000000000000E+000  0.000000000000000E+000
  0.000000000000000E+000 NaN                      0.000000000000000E+000
  0.000000000000000E+000  0.000000000000000E+000  0.000000000000000E+000
  0.000000000000000E+000
 END OF THE OPTIMAL PROPOSAL DENSITY WEIGHTS
 PMat^{1/2}= 
  9.701424893031445E-002
 ALPHA = ,There always are some values that we cannot choose!
   1.24047649454306     
   1.12955559692738     
   1.02518448834006     
  0.985563538056035     
  0.731580052650028     
   1.07940719250239     
  0.973975820765836     
  0.996243216338099     
   1.05770138355750     
  0.871552205495808     
 =======================The Weights Of New Scheme============================
  0.249799468892315       0.127324157250016       2.602635079739836E-002
  1.491767375736517E-002  0.275403125040169       8.188139105606282E-002
  2.734300212239579E-002  3.875441313236019E-003  6.015891703614263E-002
  0.133270472734900     
 =======================END OF THE WEIGHTS OF NEW SCHEME=====================
 TEST OF SIR Weights:
 ===========================
  0.000000000000000E+000  1.001250620261116E-093  5.196176036778144E-020
  1.661611806594428E-214  4.905721770806910E-281  1.391917373143082E-015
  0.000000000000000E+000  0.000000000000000E+000  6.074753675230500E-178
  0.999999999999999     
 END OF THE TEST
 TEST OF THE OPTIMAL PROPOSAL DENSITY WEIGHTS
 ============================================
  0.000000000000000E+000  9.120669837778970E-121   1.00000000000000     
  8.462569262385449E-204  1.983770487439471E-288  2.814097477801758E-041
  0.000000000000000E+000  0.000000000000000E+000  1.175908754741544E-179
  1.694089760144458E-067
 END OF THE OPTIMAL PROPOSAL DENSITY WEIGHTS
 PMat^{1/2}= 
  9.701424893031445E-002
 ALPHA = ,There always are some values that we cannot choose!
   1.11779445685187     
  0.924515157482894     
  0.827747821691208     
  0.997991967099720     
   1.07889467591031     
  0.859247566588054     
   1.20699013811139     
   1.21848859578314     
  0.976045125977765     
  0.880250888213114     
 =======================The Weights Of New Scheme============================
  0.106118623030386       6.260207589366272E-002  0.150961570584305     
  1.715154079623526E-003  6.878953457179418E-002  0.123307533815954     
  0.176904352753693       0.186865168485686       2.026668860190380E-002
  0.102469298182992     
 =======================END OF THE WEIGHTS OF NEW SCHEME=====================
 TEST OF SIR Weights:
 ===========================
   1.00000000000000       0.000000000000000E+000  8.667520521344781E-288
  7.745327066494594E-086  2.754363860139320E-116  1.252535684352989E-199
  1.170742401003890E-052  1.727863878347371E-299  1.052939658976084E-212
  2.975727082716625E-160
 END OF THE TEST
 TEST OF THE OPTIMAL PROPOSAL DENSITY WEIGHTS
 ============================================
   1.00000000000000       0.000000000000000E+000  8.876914811459837E-254
  2.193055303007842E-112  2.123413964174640E-102  8.809015546688635E-208
  1.695626891632740E-075  4.225852111260269E-283  4.630133353935267E-211
  4.590670169372670E-177
 END OF THE OPTIMAL PROPOSAL DENSITY WEIGHTS
 PMat^{1/2}= 
  9.701424893031445E-002
 ALPHA = ,There always are some values that we cannot choose!
  0.851215190429268     
   1.15542911751791     
   1.07463272191177     
  0.943415365628418     
  0.934778147805127     
   1.03005732373620     
  0.911900876490758     
   1.10405065450101     
   1.03317318951689     
   1.00132397520341     
 =======================The Weights Of New Scheme============================
  0.194107823113317       0.203780627148317       0.102674305472821     
  7.464194961552112E-002  8.437247926427016E-002  4.182601904736008E-002
  0.115615876538049       0.137992091526108       4.327866352951425E-002
  1.710164744722248E-003
 =======================END OF THE WEIGHTS OF NEW SCHEME=====================
 TEST OF SIR Weights:
 ===========================
  0.000000000000000E+000  0.000000000000000E+000 NaN                    
  0.000000000000000E+000  0.000000000000000E+000  0.000000000000000E+000
 NaN                      0.000000000000000E+000  0.000000000000000E+000
  0.000000000000000E+000
 END OF THE TEST
 TEST OF THE OPTIMAL PROPOSAL DENSITY WEIGHTS
 ============================================
  0.000000000000000E+000  0.000000000000000E+000 NaN                    
  0.000000000000000E+000  0.000000000000000E+000  0.000000000000000E+000
  0.000000000000000E+000  0.000000000000000E+000  0.000000000000000E+000
  0.000000000000000E+000
 END OF THE OPTIMAL PROPOSAL DENSITY WEIGHTS
 PMat^{1/2}= 
  9.701424893031445E-002
 ALPHA = ,There always are some values that we cannot choose!
   1.06071081760161     
   1.08840657291216     
  0.740952997536769     
   1.16246258867937     
  0.893727733168346     
  0.982369705527448     
  0.760709672087487     
   1.11237544848069     
   1.11183847224034     
   1.21744675214206     
 =======================The Weights Of New Scheme============================
  4.435678026802033E-002  6.245807402955936E-002  0.187491248517663     
  0.116747372644263       7.896637550495893E-002  1.277551677246602E-002
  0.177153925051043       8.312061334043171E-002  8.010388541789308E-002
  0.156826208453701     
 =======================END OF THE WEIGHTS OF NEW SCHEME=====================
 TEST OF SIR Weights:
 ===========================
  0.000000000000000E+000 NaN                      0.000000000000000E+000
  0.000000000000000E+000  0.000000000000000E+000  0.000000000000000E+000
  0.000000000000000E+000  0.000000000000000E+000  0.000000000000000E+000
  0.000000000000000E+000
 END OF THE TEST
 TEST OF THE OPTIMAL PROPOSAL DENSITY WEIGHTS
 ============================================
  0.000000000000000E+000   1.00000000000000       0.000000000000000E+000
  3.717915932069882E-275  9.814880719601692E-242  1.547463625996459E-211
  3.745685778169846E-293  0.000000000000000E+000  0.000000000000000E+000
  0.000000000000000E+000
 END OF THE OPTIMAL PROPOSAL DENSITY WEIGHTS
 PMat^{1/2}= 
  9.701424893031445E-002
 ALPHA = ,There always are some values that we cannot choose!
   1.01101955015821     
  0.753508247683482     
   1.21997098283226     
  0.970196917625605     
  0.940786888937886     
  0.914981181866556     
  0.986412569774060     
   1.26392092997780     
   1.03076800690087     
   1.00253649745514     
 =======================The Weights Of New Scheme============================
  1.156142557498364E-002  0.251954010710824       0.234556620852149     
  3.127787533174654E-002  6.264296044297726E-002  8.988830356614011E-002
  1.363302966383416E-002  0.269098758894724       3.280310373693991E-002
  2.583911225680766E-003
 =======================END OF THE WEIGHTS OF NEW SCHEME=====================
 TEST OF SIR Weights:
 ===========================
  3.269252799053271E-139  8.232135148869094E-172  0.000000000000000E+000
  1.438219255695602E-235  1.284524968825484E-266  1.716599219065531E-107
  3.817580044371008E-089  2.250393720530860E-196  2.557318690044789E-003
  0.997442681309955     
 END OF THE TEST
 TEST OF THE OPTIMAL PROPOSAL DENSITY WEIGHTS
 ============================================
  1.128530517033051E-142  2.447786830544766E-172  0.000000000000000E+000
  1.232828308961549E-251  8.603514548064429E-268  1.928401570998982E-121
  1.916623015611943E-098  9.574499291009944E-179  5.767733608697642E-030
   1.00000000000000     
 END OF THE OPTIMAL PROPOSAL DENSITY WEIGHTS
 PMat^{1/2}= 
  9.701424893031445E-002
 ALPHA = ,There always are some values that we cannot choose!
  0.979615406892621     
   1.00674875858545     
   1.22636904140537     
   1.08302941240816     
   1.09926586399265     
  0.960644129672420     
  0.940510389706391     
   1.01270782514121     
  0.883023395201120     
  0.859560821344341     
 =======================The Weights Of New Scheme============================
  2.553706256622327E-002  8.310872684850958E-003  0.283183064272960     
  0.101647847186725       0.123948566412269       4.918195020958708E-002
  7.512177002557566E-002  1.578201568271539E-002  0.141087635670111     
  0.176199215288983     
 =======================END OF THE WEIGHTS OF NEW SCHEME=====================
 TEST OF SIR Weights:
 ===========================
  0.000000000000000E+000  0.000000000000000E+000  0.000000000000000E+000
  0.000000000000000E+000  0.000000000000000E+000 NaN                    
  0.000000000000000E+000  0.000000000000000E+000  0.000000000000000E+000
  0.000000000000000E+000
 END OF THE TEST
 TEST OF THE OPTIMAL PROPOSAL DENSITY WEIGHTS
 ============================================
  0.000000000000000E+000  0.000000000000000E+000  0.000000000000000E+000
  0.000000000000000E+000  0.000000000000000E+000 NaN                    
  0.000000000000000E+000  0.000000000000000E+000  0.000000000000000E+000
  0.000000000000000E+000
 END OF THE OPTIMAL PROPOSAL DENSITY WEIGHTS
 PMat^{1/2}= 
  9.701424893031445E-002
 ALPHA = ,There always are some values that we cannot choose!
   1.09159646006369     
   1.28415405631748     
   1.22839736680702     
  0.886382640580178     
   1.30110075201497     
  0.741389703149760     
  0.842476212746209     
  0.875832667269096     
  0.973771328155072     
  0.945295056265032     
 =======================The Weights Of New Scheme============================
  5.460526917707324E-002  0.175322436587769       0.133489849295298     
  6.734964652150256E-002  0.184881596591207       0.160436548498194     
  9.781798643031096E-002  7.520396308441164E-002  1.670376312274199E-002
  3.418894069149093E-002
 =======================END OF THE WEIGHTS OF NEW SCHEME=====================
 TEST OF SIR Weights:
 ===========================
  2.765253454443086E-039  2.384122258061927E-017  1.482751896230904E-241
  1.910146194519645E-189  5.727010782691426E-221   1.00000000000000     
  3.776645244991426E-258  0.000000000000000E+000  2.217630147188345E-049
  1.716540843600122E-102
 END OF THE TEST
 TEST OF THE OPTIMAL PROPOSAL DENSITY WEIGHTS
 ============================================
  3.898770714955560E-053  3.916712398223257E-003  6.918533880022568E-241
  1.700524298606787E-182  1.437221770375169E-210  0.996083287601777     
  2.578506504283838E-267  0.000000000000000E+000  7.676931425174007E-056
  6.608350832610295E-047
 END OF THE OPTIMAL PROPOSAL DENSITY WEIGHTS
 PMat^{1/2}= 
  9.701424893031445E-002
 ALPHA = ,There always are some values that we cannot choose!
  0.917631572384702     
  0.876329738918960     
   1.09085923617390     
   1.03374277114306     
   1.06082002485896     
  0.874390439572317     
   1.11773840006839     
   1.26726750026691     
  0.919921234274328     
  0.912381942896082     
 =======================The Weights Of New Scheme============================
  7.785658670885194E-002  0.111924626755821       8.507896011168430E-002
  3.170687834508149E-002  5.607087380946692E-002  0.116365514633055     
  0.111792819398488       0.251588031838636       7.366600564777742E-002
  8.394970275113724E-002
 =======================END OF THE WEIGHTS OF NEW SCHEME=====================
 TEST OF SIR Weights:
 ===========================
  8.433054433820892E-288  0.000000000000000E+000  1.573390718715276E-110
  3.815839491112613E-119  8.165486889084159E-213   1.00000000000000     
  7.020003982093946E-205  1.317504563930649E-177  1.058347432600267E-292
  1.567577810212288E-307
 END OF THE TEST
 TEST OF THE OPTIMAL PROPOSAL DENSITY WEIGHTS
 ============================================
  7.941224197803998E-289  1.083367336023386E-302  1.396977785092567E-070
  4.096946290660520E-064  5.108351219819851E-193   1.00000000000000     
  8.113663263174286E-186  1.684732493145154E-164  4.497981944284398E-264
  1.566062049727803E-295
 END OF THE OPTIMAL PROPOSAL DENSITY WEIGHTS
 PMat^{1/2}= 
  9.701424893031445E-002
 ALPHA = ,There always are some values that we cannot choose!
   1.10239037247826     
   1.11655843414450     
  0.901648554827538     
  0.896293780123082     
   1.00928089964989     
  0.845464480337533     
   1.00260918738208     
  0.983115977688270     
   1.07754188271887     
   1.10921936541955     
 =======================The Weights Of New Scheme============================
  0.133542700421230       0.149519523776532       0.125938280231782     
  0.133027180262403       1.153794126883070E-002  0.190210783162205     
  3.372649508914539E-003  2.163109269684534E-002  9.596908803831417E-002
  0.135250760632943     
 =======================END OF THE WEIGHTS OF NEW SCHEME=====================
 =================================================
 THE RMSE OF THE TRUTH RUN IS = 
  1.178786176395358E-003
 THE RMSE OF ENSEMBLE MEAN OF SIR IS = 
  0.209399302776210     
 THE RMSE OF ENSEMBLE MEAN OF OPD IS = 
  0.196525908019075     
 THE RMSE OF ENSEMBLE MEAN OF New IS = 
  0.184032704798405     
 =================================================
