 TEST OF SIR Weights:
 ===========================
  0.000000000000000E+000  0.000000000000000E+000  0.000000000000000E+000
  0.000000000000000E+000 NaN                      0.000000000000000E+000
  0.000000000000000E+000  0.000000000000000E+000  0.000000000000000E+000
  0.000000000000000E+000
 END OF THE TEST
 TEST OF THE OPTIMAL PROPOSAL DENSITY WEIGHTS
 ============================================
  0.000000000000000E+000  0.000000000000000E+000  0.000000000000000E+000
  0.000000000000000E+000 NaN                      0.000000000000000E+000
  0.000000000000000E+000  0.000000000000000E+000  0.000000000000000E+000
  0.000000000000000E+000
 END OF THE OPTIMAL PROPOSAL DENSITY WEIGHTS
 ALPHA = ,There always are some values that we cannot choose!
  0.978088398049012     
   1.02809396984567     
  0.930845271252523     
  0.917002152956039     
  0.790513232960243     
   1.11646629237109     
   1.04834221903181     
   1.10532275336363     
   1.10263010164627     
   1.03315251639103     
 =======================The Weights Of New Scheme============================
  2.640643566163294E-002  3.422553356430270E-002  8.323719607685283E-002
  0.100157083950796       0.256357720326019       0.143722688009275     
  5.972886421674940E-002  0.129504062940473       0.126327409499275     
  4.033300575462337E-002
 =======================END OF THE WEIGHTS OF NEW SCHEME=====================
 TEST OF SIR Weights:
 ===========================
 NaN                      0.000000000000000E+000  0.000000000000000E+000
  0.000000000000000E+000  0.000000000000000E+000 NaN                    
  0.000000000000000E+000  0.000000000000000E+000  0.000000000000000E+000
  0.000000000000000E+000
 END OF THE TEST
 TEST OF THE OPTIMAL PROPOSAL DENSITY WEIGHTS
 ============================================
 NaN                      0.000000000000000E+000  0.000000000000000E+000
  0.000000000000000E+000  0.000000000000000E+000  0.000000000000000E+000
  0.000000000000000E+000  0.000000000000000E+000  0.000000000000000E+000
  0.000000000000000E+000
 END OF THE OPTIMAL PROPOSAL DENSITY WEIGHTS
 ALPHA = ,There always are some values that we cannot choose!
  0.799057672321110     
   1.09864979971366     
   1.10240250931785     
  0.945354911656281     
   1.00073336697460     
  0.886336310872457     
   1.08755283019263     
   1.14466208213687     
   1.04315810647191     
  0.948926983201352     
 =======================The Weights Of New Scheme============================
  0.226449011476256       0.108702686403370       0.114666714069685     
  6.321758456130828E-002  8.202990564896020E-004  0.127178137333095     
  9.663538541519459E-002  0.157685937428843       4.752545278582172E-002
  5.711879146993669E-002
 =======================END OF THE WEIGHTS OF NEW SCHEME=====================
 TEST OF SIR Weights:
 ===========================
  0.000000000000000E+000  0.000000000000000E+000  0.000000000000000E+000
  0.000000000000000E+000  0.000000000000000E+000 NaN                    
 NaN                      0.000000000000000E+000  0.000000000000000E+000
  0.000000000000000E+000
 END OF THE TEST
 TEST OF THE OPTIMAL PROPOSAL DENSITY WEIGHTS
 ============================================
  0.000000000000000E+000  0.000000000000000E+000  0.000000000000000E+000
  0.000000000000000E+000  0.000000000000000E+000 NaN                    
 NaN                      0.000000000000000E+000  0.000000000000000E+000
  0.000000000000000E+000
 END OF THE OPTIMAL PROPOSAL DENSITY WEIGHTS
 ALPHA = ,There always are some values that we cannot choose!
   1.06043548651465     
   1.32649867214470     
   1.00895447876483     
  0.965235772574490     
  0.991850763927146     
  0.861732110891241     
  0.784289478393461     
   1.09149252121103     
  0.970811048296879     
   1.02766951695920     
 =======================The Weights Of New Scheme============================
  6.384536954125340E-002  0.344243692330014       9.655308882528956E-003
  3.707487835629342E-002  8.602386593272508E-003  0.145964104000007     
  0.231312322697735       9.899741090391688E-002  3.100245109172805E-002
  2.930207560325188E-002
 =======================END OF THE WEIGHTS OF NEW SCHEME=====================
 TEST OF SIR Weights:
 ===========================
  0.000000000000000E+000  1.295231787322088E-026  4.601832224697636E-286
  0.000000000000000E+000  0.000000000000000E+000  1.180748397108484E-193
  0.000000000000000E+000  0.302840341379079       2.310036120376822E-077
  0.697159658620921     
 END OF THE TEST
 TEST OF THE OPTIMAL PROPOSAL DENSITY WEIGHTS
 ============================================
  0.000000000000000E+000  1.340795662630573E-080  5.438409782651245E-296
  0.000000000000000E+000  0.000000000000000E+000  1.599053113963305E-225
  0.000000000000000E+000   1.00000000000000       5.144976773442171E-107
  1.079658695171486E-059
 END OF THE OPTIMAL PROPOSAL DENSITY WEIGHTS
 ALPHA = ,There always are some values that we cannot choose!
   1.07318165399628     
  0.907393778352418     
   1.00201489014805     
   1.23858169964353     
   1.03555251553698     
  0.970019572036176     
   1.14094478789320     
  0.874623756922590     
  0.918499645422312     
  0.898699732399033     
 =======================The Weights Of New Scheme============================
  8.085935254795786E-002  9.959771164672356E-002  2.217793699051447E-003
  0.259703807717497       3.808920834346158E-002  3.271461248229331E-002
  0.154223663834517       0.135903660975341       8.722410533640954E-002
  0.109466083416748     
 =======================END OF THE WEIGHTS OF NEW SCHEME=====================
 TEST OF SIR Weights:
 ===========================
  0.000000000000000E+000   1.00000000000000       0.000000000000000E+000
  2.963947706847320E-070  0.000000000000000E+000  7.856410412149940E-056
  6.208838222402322E-244  0.000000000000000E+000  0.000000000000000E+000
  0.000000000000000E+000
 END OF THE TEST
 TEST OF THE OPTIMAL PROPOSAL DENSITY WEIGHTS
 ============================================
  0.000000000000000E+000   1.00000000000000       1.380520517954089E-307
  7.385783359023290E-021  0.000000000000000E+000  7.519408982991488E-045
  1.525720672154734E-154  0.000000000000000E+000  2.486268031947615E-305
  0.000000000000000E+000
 END OF THE OPTIMAL PROPOSAL DENSITY WEIGHTS
 ALPHA = ,There always are some values that we cannot choose!
   1.10178717051479     
  0.884662158966720     
   1.01894194943731     
  0.892901950377962     
   1.08253201538745     
  0.902822167831684     
  0.949600109242278     
   1.10299117024503     
   1.01788412546352     
   1.08222491395134     
 =======================The Weights Of New Scheme============================
  0.132589797346708       0.146336713119513       2.446476647545008E-002
  0.136594183164271       0.106766631663626       0.123824027600000     
  6.554585827387618E-002  0.134525538913146       2.300222354809303E-002
  0.106350259895317     
 =======================END OF THE WEIGHTS OF NEW SCHEME=====================
 TEST OF SIR Weights:
 ===========================
  0.000000000000000E+000  0.000000000000000E+000  0.000000000000000E+000
  0.000000000000000E+000  0.000000000000000E+000 NaN                    
  0.000000000000000E+000  0.000000000000000E+000  0.000000000000000E+000
  0.000000000000000E+000
 END OF THE TEST
 TEST OF THE OPTIMAL PROPOSAL DENSITY WEIGHTS
 ============================================
  0.000000000000000E+000  0.000000000000000E+000  0.000000000000000E+000
  0.000000000000000E+000  0.000000000000000E+000 NaN                    
  0.000000000000000E+000  0.000000000000000E+000  0.000000000000000E+000
  0.000000000000000E+000
 END OF THE OPTIMAL PROPOSAL DENSITY WEIGHTS
 ALPHA = ,There always are some values that we cannot choose!
   1.15288982909112     
  0.967934086209718     
  0.961153216843280     
  0.947118926337864     
  0.986029386455957     
  0.863997637011941     
   1.17448610881870     
  0.961162463374354     
   1.06888528118482     
  0.957615292813274     
 =======================The Weights Of New Scheme============================
  0.205518793891066       4.275010946691312E-002  5.194195240203680E-002
  7.162713423028795E-002  1.881933108732498E-002  0.179545581380215     
  0.233234024872461       5.053861816185909E-002  8.922970809350106E-002
  5.679474641433623E-002
 =======================END OF THE WEIGHTS OF NEW SCHEME=====================
 TEST OF SIR Weights:
 ===========================
  0.000000000000000E+000  0.000000000000000E+000  1.273854465290686E-017
  0.000000000000000E+000   1.00000000000000       0.000000000000000E+000
  4.599479812305608E-026  1.495542375633543E-042  4.904270486327096E-035
  0.000000000000000E+000
 END OF THE TEST
 TEST OF THE OPTIMAL PROPOSAL DENSITY WEIGHTS
 ============================================
  0.000000000000000E+000  8.813273337138951E-300  4.978899040535406E-083
  0.000000000000000E+000  4.036441665902109E-062  0.000000000000000E+000
  2.249844526930385E-078  3.474529529084840E-052   1.00000000000000     
  0.000000000000000E+000
 END OF THE OPTIMAL PROPOSAL DENSITY WEIGHTS
 ALPHA = ,There always are some values that we cannot choose!
   1.04731957915535     
   1.03947199292213     
  0.940724366431500     
   1.13626868433229     
  0.931709706775531     
   1.10905549048333     
  0.938709880984923     
  0.927456695082948     
  0.905736396215566     
   1.05463895362481     
 =======================The Weights Of New Scheme============================
  6.357160217337009E-002  5.449068229509102E-002  7.906149983623147E-002
  0.180073023382332       9.303438108282097E-002  0.148870967842580     
  8.176717814885379E-002  0.100610679840264       0.125411288210311     
  7.310869718814572E-002
 =======================END OF THE WEIGHTS OF NEW SCHEME=====================
 TEST OF SIR Weights:
 ===========================
  5.168345710470718E-043  0.000000000000000E+000  2.008189499149698E-281
  9.946371621026137E-262  3.309957422582508E-168   1.00000000000000     
  4.724389052131749E-131  2.943674429957248E-258  3.357711210533689E-107
  1.278182306863860E-234
 END OF THE TEST
 TEST OF THE OPTIMAL PROPOSAL DENSITY WEIGHTS
 ============================================
  2.778229103036860E-003  0.000000000000000E+000  0.000000000000000E+000
  2.018045829994999E-242  2.793882333194948E-229  0.997221770896963     
  2.137482434499000E-144  2.804785717849829E-281  1.344867195089977E-140
  1.361648178496501E-247
 END OF THE OPTIMAL PROPOSAL DENSITY WEIGHTS
 ALPHA = ,There always are some values that we cannot choose!
  0.915823649888312     
   1.07093294794634     
   1.05458042300261     
   1.02244421446111     
   1.01627529054734     
  0.914746696285457     
  0.977315141878232     
   1.04090484034832     
  0.975606920031705     
   1.02488183324878     
 =======================The Weights Of New Scheme============================
  0.185857885262089       0.159273070445946       0.122755529700661     
  5.042933263997729E-002  3.698212262440178E-002  0.190376955224278     
  5.157288150420120E-002  9.252103827460240E-002  5.445949973813205E-002
  5.577168458571108E-002
 =======================END OF THE WEIGHTS OF NEW SCHEME=====================
 TEST OF SIR Weights:
 ===========================
  0.000000000000000E+000  0.000000000000000E+000  0.000000000000000E+000
 NaN                      0.000000000000000E+000  0.000000000000000E+000
  0.000000000000000E+000  0.000000000000000E+000  0.000000000000000E+000
 NaN                    
 END OF THE TEST
 TEST OF THE OPTIMAL PROPOSAL DENSITY WEIGHTS
 ============================================
  0.000000000000000E+000  0.000000000000000E+000  0.000000000000000E+000
 NaN                      0.000000000000000E+000  0.000000000000000E+000
  0.000000000000000E+000  0.000000000000000E+000  0.000000000000000E+000
 NaN                    
 END OF THE OPTIMAL PROPOSAL DENSITY WEIGHTS
 ALPHA = ,There always are some values that we cannot choose!
   1.09552205810370     
   1.00622962393702     
   1.01086457626265     
  0.862484421574146     
   1.05314842431524     
   1.19997111954661     
   1.03193843696891     
   1.04182680627444     
  0.901613207160742     
  0.849390852732203     
 =======================The Weights Of New Scheme============================
  0.115235124025265       7.457065008409276E-003  1.302103884740105E-002
  0.165985005263639       6.406759318588470E-002  0.244567158225897     
  3.910758587139263E-002  5.082324647498407E-002  0.116783972462991     
  0.182952210634136     
 =======================END OF THE WEIGHTS OF NEW SCHEME=====================
 TEST OF SIR Weights:
 ===========================
  0.000000000000000E+000  0.000000000000000E+000  0.000000000000000E+000
  0.000000000000000E+000 NaN                     NaN                    
  0.000000000000000E+000  0.000000000000000E+000  0.000000000000000E+000
  0.000000000000000E+000
 END OF THE TEST
 TEST OF THE OPTIMAL PROPOSAL DENSITY WEIGHTS
 ============================================
  0.000000000000000E+000  0.000000000000000E+000  0.000000000000000E+000
  0.000000000000000E+000 NaN                     NaN                    
  0.000000000000000E+000  0.000000000000000E+000  0.000000000000000E+000
  0.000000000000000E+000
 END OF THE OPTIMAL PROPOSAL DENSITY WEIGHTS
 ALPHA = ,There always are some values that we cannot choose!
   1.18885240262474     
   1.01079616093232     
  0.996301049177017     
  0.986114384256931     
  0.843695565085333     
  0.847459568125418     
  0.983582470785494     
  0.987885625560790     
   1.05923754919127     
   1.15099921415627     
 =======================The Weights Of New Scheme============================
  0.247396478326035       1.404182806286752E-002  4.831053413005771E-003
  1.823482766894690E-002  0.203828346194857       0.203193399916670     
  2.090036716577260E-002  1.595668569843400E-002  7.790254585843737E-002
  0.193714467694974     
 =======================END OF THE WEIGHTS OF NEW SCHEME=====================
 TEST OF SIR Weights:
 ===========================
  0.000000000000000E+000  0.000000000000000E+000  0.000000000000000E+000
  0.000000000000000E+000  0.000000000000000E+000  0.000000000000000E+000
  0.000000000000000E+000 NaN                      0.000000000000000E+000
  0.000000000000000E+000
 END OF THE TEST
 TEST OF THE OPTIMAL PROPOSAL DENSITY WEIGHTS
 ============================================
  0.000000000000000E+000  9.539908766500378E-297  0.000000000000000E+000
  8.345050819306905E-235  1.220418388475680E-277  4.946271850175619E-246
  9.060313634123842E-233   1.00000000000000       0.000000000000000E+000
  7.390298754802891E-176
 END OF THE OPTIMAL PROPOSAL DENSITY WEIGHTS
 ALPHA = ,There always are some values that we cannot choose!
   1.12283032405848     
  0.994899834783602     
   1.01626918573309     
  0.966920976102326     
  0.986184030993221     
  0.971933188067214     
  0.966014930771909     
  0.868111016601637     
   1.20434731661918     
  0.941025809959237     
 =======================The Weights Of New Scheme============================
  0.187478952520719       7.953961481768856E-003  2.562875525262011E-002
  5.149733783589747E-002  2.086196257876798E-002  4.297941517302665E-002
  5.167731172635993E-002  0.200696351053393       0.320444633744094     
  9.078131863335201E-002
 =======================END OF THE WEIGHTS OF NEW SCHEME=====================
 TEST OF SIR Weights:
 ===========================
  0.000000000000000E+000  0.000000000000000E+000  0.000000000000000E+000
  0.000000000000000E+000 NaN                      0.000000000000000E+000
  0.000000000000000E+000  0.000000000000000E+000  0.000000000000000E+000
  0.000000000000000E+000
 END OF THE TEST
 TEST OF THE OPTIMAL PROPOSAL DENSITY WEIGHTS
 ============================================
  0.000000000000000E+000  0.000000000000000E+000  0.000000000000000E+000
  0.000000000000000E+000 NaN                      0.000000000000000E+000
  0.000000000000000E+000  0.000000000000000E+000  0.000000000000000E+000
  0.000000000000000E+000
 END OF THE OPTIMAL PROPOSAL DENSITY WEIGHTS
 ALPHA = ,There always are some values that we cannot choose!
  0.925141937719077     
   1.09631109541861     
  0.922726591447405     
   1.09114067751455     
  0.828890199400315     
  0.989019609457443     
   1.13278521470962     
   1.01992536883886     
   1.09628905260651     
  0.943107260960926     
 =======================The Weights Of New Scheme============================
  9.026537141435134E-002  0.115508775816076       9.259062849494677E-002
  0.112665367985914       0.207318532662939       1.312901823325630E-002
  0.156792650026239       2.416082416857929E-002  0.118308343193476     
  6.926048800422206E-002
 =======================END OF THE WEIGHTS OF NEW SCHEME=====================
 TEST OF SIR Weights:
 ===========================
  0.000000000000000E+000  4.564831673871279E-202  4.957616606087595E-148
  0.000000000000000E+000  0.000000000000000E+000  0.000000000000000E+000
  9.064828110477633E-142  2.271589666512501E-142  4.246593160374636E-221
   1.00000000000000     
 END OF THE TEST
 TEST OF THE OPTIMAL PROPOSAL DENSITY WEIGHTS
 ============================================
  5.027301687999069E-290  5.397695208173376E-165  1.372561939834767E-131
  4.851421010323530E-303  0.000000000000000E+000  1.646962696889868E-240
  1.112197603336472E-152  1.045728490894199E-141  2.131515558658896E-178
   1.00000000000000     
 END OF THE OPTIMAL PROPOSAL DENSITY WEIGHTS
 ALPHA = ,There always are some values that we cannot choose!
   1.04342161321098     
  0.985039517377680     
  0.970001908969672     
   1.04969449972963     
   1.08435809345819     
   1.01989804334452     
  0.979469369300073     
  0.974532240692248     
  0.991138525915934     
  0.913271900178519     
 =======================The Weights Of New Scheme============================
  0.112262280687400       3.890480488968440E-002  7.848559734602643E-002
  0.131163586104139       0.217439087039505       5.184292452860381E-002
  5.227459535426725E-002  6.635656903531817E-002  2.308200166009911E-002
  0.228188553354957     
 =======================END OF THE WEIGHTS OF NEW SCHEME=====================
 TEST OF SIR Weights:
 ===========================
  1.871571308716577E-062  3.990980474244632E-090  0.000000000000000E+000
  0.000000000000000E+000  0.000000000000000E+000   1.00000000000000     
  2.071850152454539E-144  1.483126510976531E-228  0.000000000000000E+000
  4.815986471646934E-227
 END OF THE TEST
 TEST OF THE OPTIMAL PROPOSAL DENSITY WEIGHTS
 ============================================
  0.999999999999993       5.233203217348892E-060  4.072872187360728E-267
  0.000000000000000E+000  0.000000000000000E+000  7.077161580053553E-015
  1.982927421207451E-132  1.398918698173385E-173  4.412004925103108E-276
  2.659473660460235E-214
 END OF THE OPTIMAL PROPOSAL DENSITY WEIGHTS
 ALPHA = ,There always are some values that we cannot choose!
  0.909896468169666     
  0.935078832155296     
   1.02865561042920     
   1.11825935011302     
   1.12943135218213     
  0.915845060545761     
  0.966790819864132     
  0.985287154500570     
   1.03291135584092     
   1.00393829392640     
 =======================The Weights Of New Scheme============================
  0.150790701984248       0.106497786952086       4.837090804055083E-002
  0.194068277562450       0.218132392657479       0.140139013711404     
  5.592601264643057E-002  2.409732672310858E-002  5.534767646353335E-002
  6.629903258710236E-003
 =======================END OF THE WEIGHTS OF NEW SCHEME=====================
 TEST OF SIR Weights:
 ===========================
  0.000000000000000E+000  0.000000000000000E+000  0.000000000000000E+000
  0.000000000000000E+000  0.000000000000000E+000  0.000000000000000E+000
  0.000000000000000E+000  0.000000000000000E+000 NaN                    
  0.000000000000000E+000
 END OF THE TEST
 TEST OF THE OPTIMAL PROPOSAL DENSITY WEIGHTS
 ============================================
  0.000000000000000E+000  0.000000000000000E+000  0.000000000000000E+000
  0.000000000000000E+000  0.000000000000000E+000  0.000000000000000E+000
  0.000000000000000E+000  0.000000000000000E+000 NaN                    
  0.000000000000000E+000
 END OF THE OPTIMAL PROPOSAL DENSITY WEIGHTS
 ALPHA = ,There always are some values that we cannot choose!
   1.00521212527829     
   1.04801565902957     
  0.920953854295306     
   1.04279227780783     
  0.969696740875176     
   1.27503690390114     
  0.935918931059614     
  0.969047354825924     
  0.855799393600980     
   1.02997085525384     
 =======================The Weights Of New Scheme============================
  6.895386640147330E-003  6.283838798044211E-002  0.104359302295277     
  5.647969758183582E-002  4.158049513945718E-002  0.368474425493039     
  8.639949388031684E-002  4.139637990805198E-002  0.191988561301928     
  3.958786977950601E-002
 =======================END OF THE WEIGHTS OF NEW SCHEME=====================
 TEST OF SIR Weights:
 ===========================
  0.000000000000000E+000  0.000000000000000E+000  0.000000000000000E+000
  0.000000000000000E+000  0.000000000000000E+000 NaN                    
  0.000000000000000E+000  0.000000000000000E+000  0.000000000000000E+000
  0.000000000000000E+000
 END OF THE TEST
 TEST OF THE OPTIMAL PROPOSAL DENSITY WEIGHTS
 ============================================
  0.000000000000000E+000  0.000000000000000E+000  0.000000000000000E+000
  0.000000000000000E+000  0.000000000000000E+000 NaN                    
  0.000000000000000E+000  0.000000000000000E+000  0.000000000000000E+000
  0.000000000000000E+000
 END OF THE OPTIMAL PROPOSAL DENSITY WEIGHTS
 ALPHA = ,There always are some values that we cannot choose!
  0.938748901176898     
   1.00587322290159     
   1.10688190882125     
   1.11698956187105     
   1.07390786437479     
  0.806540399482481     
  0.973215854349642     
  0.964417580650610     
  0.933299129754761     
   1.12893413217931     
 =======================The Weights Of New Scheme============================
  7.422783925448409E-002  7.155974649463286E-003  0.130694889063005     
  0.142120562084793       9.152046793275199E-002  0.236813032289976     
  3.320557136149614E-002  4.415966814024819E-002  8.139141442418851E-002
  0.158710580799594     
 =======================END OF THE WEIGHTS OF NEW SCHEME=====================
 TEST OF SIR Weights:
 ===========================
  0.000000000000000E+000  0.000000000000000E+000  2.609549529777263E-003
  0.997390450470223       1.942457985950589E-261  1.917852511121848E-024
  0.000000000000000E+000  0.000000000000000E+000  0.000000000000000E+000
  1.181995082999778E-199
 END OF THE TEST
 TEST OF THE OPTIMAL PROPOSAL DENSITY WEIGHTS
 ============================================
  0.000000000000000E+000  0.000000000000000E+000  2.502648235028060E-028
  9.901849142873025E-018  1.652561848022118E-238   1.00000000000000     
  0.000000000000000E+000  0.000000000000000E+000  0.000000000000000E+000
  5.775220655862764E-173
 END OF THE OPTIMAL PROPOSAL DENSITY WEIGHTS
 ALPHA = ,There always are some values that we cannot choose!
   1.05074578448241     
   1.03546796657364     
  0.895313260009621     
  0.890954556729488     
  0.986304614626652     
  0.884004949489015     
   1.12535912648561     
   1.09978038062568     
   1.11575760551030     
  0.956978945335069     
 =======================The Weights Of New Scheme============================
  6.219560120120941E-002  4.317950310867699E-002  0.127700655205871     
  0.132597984010524       1.706562993504325E-002  0.143536827905168     
  0.156797775056441       0.120898831870520       0.143209478233498     
  5.281771347304849E-002
 =======================END OF THE WEIGHTS OF NEW SCHEME=====================
 TEST OF SIR Weights:
 ===========================
  0.000000000000000E+000  0.000000000000000E+000  0.000000000000000E+000
  0.000000000000000E+000  0.000000000000000E+000 NaN                    
  0.000000000000000E+000  0.000000000000000E+000  0.000000000000000E+000
  0.000000000000000E+000
 END OF THE TEST
 TEST OF THE OPTIMAL PROPOSAL DENSITY WEIGHTS
 ============================================
  8.510433270486390E-235  0.000000000000000E+000  0.000000000000000E+000
  6.621416379545162E-255  0.000000000000000E+000   1.00000000000000     
  2.304891285410347E-123  3.548578352672501E-281  0.000000000000000E+000
  0.000000000000000E+000
 END OF THE OPTIMAL PROPOSAL DENSITY WEIGHTS
 ALPHA = ,There always are some values that we cannot choose!
  0.970487993300409     
   1.02429770652264     
   1.10611220671424     
  0.979516975437203     
   1.04831975254075     
  0.871316938961356     
  0.921942056977072     
  0.991439336852574     
   1.04393731166440     
   1.06526672552349     
 =======================The Weights Of New Scheme============================
  5.311157757517327E-002  4.385923876233672E-002  0.188357157154211     
  3.598444256412468E-002  8.573746665073631E-002  0.232821888572258     
  0.146074819335831       1.537287914294552E-002  7.938937186974690E-002
  0.119291158372635     
 =======================END OF THE WEIGHTS OF NEW SCHEME=====================
 TEST OF SIR Weights:
 ===========================
  0.000000000000000E+000  0.000000000000000E+000  0.000000000000000E+000
  0.000000000000000E+000  0.000000000000000E+000   1.00000000000000     
  2.631039241952589E-148  7.175395599760019E-273  0.000000000000000E+000
  2.408966027258710E-113
 END OF THE TEST
 TEST OF THE OPTIMAL PROPOSAL DENSITY WEIGHTS
 ============================================
  0.000000000000000E+000  1.023635290725648E-285  7.922869182479143E-300
  5.850900100118835E-287  0.000000000000000E+000   1.00000000000000     
  1.460671114971943E-086  2.005494090891492E-198  1.934693670289222E-278
  1.504929133723682E-094
 END OF THE OPTIMAL PROPOSAL DENSITY WEIGHTS
 ALPHA = ,There always are some values that we cannot choose!
   1.14274189072298     
   1.02150630186525     
   1.02816615272854     
   1.02209116615614     
   1.04478913651233     
  0.895866051069687     
  0.931987674325132     
  0.981256699722322     
   1.01808902746775     
  0.935421991998691     
 =======================The Weights Of New Scheme============================
  0.261011851749410       3.965850915498543E-002  5.332301274246240E-002
  4.150106587492241E-002  8.536424609875692E-002  0.201338448341925     
  0.129088505747472       3.488166891426429E-002  3.360734962042958E-002
  0.120225341755371     
 =======================END OF THE WEIGHTS OF NEW SCHEME=====================
 TEST OF SIR Weights:
 ===========================
  1.850309637759604E-208   1.00000000000000       1.355501048636493E-239
  4.978297934038015E-027  2.610853496094410E-183  2.777803046169757E-199
  5.394802934011750E-125  9.556841599376396E-175  8.167107859268922E-056
  6.802690421349644E-200
 END OF THE TEST
 TEST OF THE OPTIMAL PROPOSAL DENSITY WEIGHTS
 ============================================
  3.861324356694047E-237   1.00000000000000       3.381505155328497E-201
  2.111494376320591E-032  2.345522342148625E-195  1.166115196864776E-234
  8.241966236146170E-088  8.033847569094295E-203  2.558007729253859E-045
  1.452300128315634E-183
 END OF THE OPTIMAL PROPOSAL DENSITY WEIGHTS
 ALPHA = ,There always are some values that we cannot choose!
   1.04473951038475     
  0.936969311283005     
   1.02758923175482     
  0.950737115716503     
   1.02482879320797     
   1.04354701058960     
  0.975308839646472     
   1.02835812057307     
  0.956409290620569     
   1.01927871531488     
 =======================The Weights Of New Scheme============================
  0.123737995646657       0.171395323291890       7.377594227884082E-002
  0.132707521997469       6.621556531424058E-002  0.118513850455409     
  6.713152491329173E-002  7.638691729507789E-002  0.117772517544513     
  5.236284126261094E-002
 =======================END OF THE WEIGHTS OF NEW SCHEME=====================
 =================================================
 THE RMSE OF THE TRUTH RUN IS = 
  1.207048271156656E-003
 THE RMSE OF ENSEMBLE MEAN OF SIR IS = 
  0.437781942965963     
 THE RMSE OF ENSEMBLE MEAN OF OPD IS = 
  0.432157152308900     
 THE RMSE OF ENSEMBLE MEAN OF New IS = 
  0.417117401114779     
 =================================================
