 TEST OF SIR Weights:
 ===========================
  0.000000000000000E+000  0.000000000000000E+000  0.000000000000000E+000
  0.000000000000000E+000 NaN                      0.000000000000000E+000
  0.000000000000000E+000  0.000000000000000E+000  0.000000000000000E+000
  0.000000000000000E+000
 END OF THE TEST
 TEST OF THE OPTIMAL PROPOSAL DENSITY WEIGHTS
 ============================================
  0.000000000000000E+000  0.000000000000000E+000  0.000000000000000E+000
  0.000000000000000E+000 NaN                      0.000000000000000E+000
  0.000000000000000E+000  0.000000000000000E+000  0.000000000000000E+000
  0.000000000000000E+000
 END OF THE OPTIMAL PROPOSAL DENSITY WEIGHTS
 ALPHA = ,There always are some values that we cannot choose!
  0.978088398049012     
   1.02809396984567     
  0.930845271252523     
  0.917002152956039     
  0.790513232960243     
   1.11646629237109     
   1.04834221903181     
   1.10532275336363     
   1.10263010164627     
   1.03315251639103     
 =======================The Weights Of New Scheme============================
  2.640643566163294E-002  3.422553356430270E-002  8.323719607685283E-002
  0.100157083950796       0.256357720326019       0.143722688009275     
  5.972886421674940E-002  0.129504062940473       0.126327409499275     
  4.033300575462337E-002
 =======================END OF THE WEIGHTS OF NEW SCHEME=====================
 TEST OF SIR Weights:
 ===========================
 NaN                      0.000000000000000E+000  0.000000000000000E+000
  0.000000000000000E+000  0.000000000000000E+000 NaN                    
  0.000000000000000E+000  0.000000000000000E+000  0.000000000000000E+000
  0.000000000000000E+000
 END OF THE TEST
 TEST OF THE OPTIMAL PROPOSAL DENSITY WEIGHTS
 ============================================
 NaN                      0.000000000000000E+000  0.000000000000000E+000
  0.000000000000000E+000  0.000000000000000E+000  0.000000000000000E+000
  0.000000000000000E+000  0.000000000000000E+000  0.000000000000000E+000
  0.000000000000000E+000
 END OF THE OPTIMAL PROPOSAL DENSITY WEIGHTS
 ALPHA = ,There always are some values that we cannot choose!
  0.799057672321110     
   1.09864979971366     
   1.10240250931785     
  0.945354911656281     
   1.00073336697460     
  0.886336310872457     
   1.08755283019263     
   1.14466208213687     
   1.04315810647191     
  0.948926983201352     
 =======================The Weights Of New Scheme============================
  0.226449011476256       0.108702686403370       0.114666714069685     
  6.321758456130828E-002  8.202990564896020E-004  0.127178137333095     
  9.663538541519459E-002  0.157685937428843       4.752545278582172E-002
  5.711879146993669E-002
 =======================END OF THE WEIGHTS OF NEW SCHEME=====================
 TEST OF SIR Weights:
 ===========================
  0.000000000000000E+000  0.000000000000000E+000  0.000000000000000E+000
  0.000000000000000E+000  0.000000000000000E+000 NaN                    
 NaN                      0.000000000000000E+000  0.000000000000000E+000
  0.000000000000000E+000
 END OF THE TEST
 TEST OF THE OPTIMAL PROPOSAL DENSITY WEIGHTS
 ============================================
  0.000000000000000E+000  0.000000000000000E+000  0.000000000000000E+000
  0.000000000000000E+000  0.000000000000000E+000 NaN                    
 NaN                      0.000000000000000E+000  0.000000000000000E+000
  0.000000000000000E+000
 END OF THE OPTIMAL PROPOSAL DENSITY WEIGHTS
 ALPHA = ,There always are some values that we cannot choose!
   1.06043548651465     
   1.32649867214470     
   1.00895447876483     
  0.965235772574490     
  0.991850763927146     
  0.861732110891241     
  0.784289478393461     
   1.09149252121103     
  0.970811048296879     
   1.02766951695920     
 =======================The Weights Of New Scheme============================
  6.384536954125340E-002  0.344243692330014       9.655308882528956E-003
  3.707487835629342E-002  8.602386593272508E-003  0.145964104000007     
  0.231312322697735       9.899741090391688E-002  3.100245109172805E-002
  2.930207560325188E-002
 =======================END OF THE WEIGHTS OF NEW SCHEME=====================
 TEST OF SIR Weights:
 ===========================
  0.000000000000000E+000  1.295231787322088E-026  4.601832224697636E-286
  0.000000000000000E+000  0.000000000000000E+000  1.180748397108484E-193
  0.000000000000000E+000  0.302840341379079       2.310036120376822E-077
  0.697159658620921     
 END OF THE TEST
 TEST OF THE OPTIMAL PROPOSAL DENSITY WEIGHTS
 ============================================
  0.000000000000000E+000  1.340795662630573E-080  5.438409782651245E-296
  0.000000000000000E+000  0.000000000000000E+000  1.599053113963305E-225
  0.000000000000000E+000   1.00000000000000       5.144976773442171E-107
  1.079658695171486E-059
 END OF THE OPTIMAL PROPOSAL DENSITY WEIGHTS
 ALPHA = ,There always are some values that we cannot choose!
   1.07318165399628     
  0.907393778352418     
   1.00201489014805     
   1.23858169964353     
   1.03555251553698     
  0.970019572036176     
   1.14094478789320     
  0.874623756922590     
  0.918499645422312     
  0.898699732399033     
 =======================The Weights Of New Scheme============================
  8.085935254795786E-002  9.959771164672356E-002  2.217793699051447E-003
  0.259703807717497       3.808920834346158E-002  3.271461248229331E-002
  0.154223663834517       0.135903660975341       8.722410533640954E-002
  0.109466083416748     
 =======================END OF THE WEIGHTS OF NEW SCHEME=====================
 TEST OF SIR Weights:
 ===========================
  0.000000000000000E+000   1.00000000000000       0.000000000000000E+000
  2.963947706847320E-070  0.000000000000000E+000  7.856410412149940E-056
  6.208838222402322E-244  0.000000000000000E+000  0.000000000000000E+000
  0.000000000000000E+000
 END OF THE TEST
 TEST OF THE OPTIMAL PROPOSAL DENSITY WEIGHTS
 ============================================
  0.000000000000000E+000   1.00000000000000       1.380520517954089E-307
  7.385783359023290E-021  0.000000000000000E+000  7.519408982991488E-045
  1.525720672154734E-154  0.000000000000000E+000  2.486268031947615E-305
  0.000000000000000E+000
 END OF THE OPTIMAL PROPOSAL DENSITY WEIGHTS
 ALPHA = ,There always are some values that we cannot choose!
   1.10178717051479     
  0.884662158966720     
   1.01894194943731     
  0.892901950377962     
   1.08253201538745     
  0.902822167831684     
  0.949600109242278     
   1.10299117024503     
   1.01788412546352     
   1.08222491395134     
 =======================The Weights Of New Scheme============================
  0.132589797346708       0.146336713119513       2.446476647545008E-002
  0.136594183164271       0.106766631663626       0.123824027600000     
  6.554585827387618E-002  0.134525538913146       2.300222354809303E-002
  0.106350259895317     
 =======================END OF THE WEIGHTS OF NEW SCHEME=====================
 TEST OF SIR Weights:
 ===========================
  0.000000000000000E+000  0.000000000000000E+000  0.000000000000000E+000
  0.000000000000000E+000  0.000000000000000E+000 NaN                    
  0.000000000000000E+000  0.000000000000000E+000  0.000000000000000E+000
  0.000000000000000E+000
 END OF THE TEST
 TEST OF THE OPTIMAL PROPOSAL DENSITY WEIGHTS
 ============================================
  0.000000000000000E+000  0.000000000000000E+000  0.000000000000000E+000
  0.000000000000000E+000  0.000000000000000E+000 NaN                    
  0.000000000000000E+000  0.000000000000000E+000  0.000000000000000E+000
  0.000000000000000E+000
 END OF THE OPTIMAL PROPOSAL DENSITY WEIGHTS
 ALPHA = ,There always are some values that we cannot choose!
   1.15288982909112     
  0.967934086209718     
  0.961153216843280     
  0.947118926337864     
  0.986029386455957     
  0.863997637011941     
   1.17448610881870     
  0.961162463374354     
   1.06888528118482     
  0.957615292813274     
 =======================The Weights Of New Scheme============================
  0.205518793891066       4.275010946691312E-002  5.194195240203680E-002
  7.162713423028795E-002  1.881933108732498E-002  0.179545581380215     
  0.233234024872461       5.053861816185909E-002  8.922970809350106E-002
  5.679474641433623E-002
 =======================END OF THE WEIGHTS OF NEW SCHEME=====================
 TEST OF SIR Weights:
 ===========================
  0.000000000000000E+000  0.000000000000000E+000  1.273854465290686E-017
  0.000000000000000E+000   1.00000000000000       0.000000000000000E+000
  4.599479812305608E-026  1.495542375633543E-042  4.904270486327096E-035
  0.000000000000000E+000
 END OF THE TEST
 TEST OF THE OPTIMAL PROPOSAL DENSITY WEIGHTS
 ============================================
  0.000000000000000E+000  8.813273337138951E-300  4.978899040535406E-083
  0.000000000000000E+000  4.036441665902109E-062  0.000000000000000E+000
  2.249844526930385E-078  3.474529529084840E-052   1.00000000000000     
  0.000000000000000E+000
 END OF THE OPTIMAL PROPOSAL DENSITY WEIGHTS
 ALPHA = ,There always are some values that we cannot choose!
   1.04731957915535     
   1.03947199292213     
  0.940724366431500     
   1.13626868433229     
  0.931709706775531     
   1.10905549048333     
  0.938709880984923     
  0.927456695082948     
  0.905736396215566     
   1.05463895362481     
 =======================The Weights Of New Scheme============================
  6.357160217337009E-002  5.449068229509102E-002  7.906149983623147E-002
  0.180073023382332       9.303438108282097E-002  0.148870967842580     
  8.176717814885379E-002  0.100610679840264       0.125411288210311     
  7.310869718814572E-002
 =======================END OF THE WEIGHTS OF NEW SCHEME=====================
 TEST OF SIR Weights:
 ===========================
  5.168345710470718E-043  0.000000000000000E+000  2.008189499149698E-281
  9.946371621026137E-262  3.309957422582508E-168   1.00000000000000     
  4.724389052131749E-131  2.943674429957248E-258  3.357711210533689E-107
  1.278182306863860E-234
 END OF THE TEST
 TEST OF THE OPTIMAL PROPOSAL DENSITY WEIGHTS
 ============================================
  2.778229103036860E-003  0.000000000000000E+000  0.000000000000000E+000
  2.018045829994999E-242  2.793882333194948E-229  0.997221770896963     
  2.137482434499000E-144  2.804785717849829E-281  1.344867195089977E-140
  1.361648178496501E-247
 END OF THE OPTIMAL PROPOSAL DENSITY WEIGHTS
 ALPHA = ,There always are some values that we cannot choose!
  0.915823649888312     
   1.07093294794634     
   1.05458042300261     
   1.02244421446111     
   1.01627529054734     
  0.914746696285457     
  0.977315141878232     
   1.04090484034832     
  0.975606920031705     
   1.02488183324878     
 =======================The Weights Of New Scheme============================
  0.185857885262089       0.159273070445946       0.122755529700661     
  5.042933263997729E-002  3.698212262440178E-002  0.190376955224278     
  5.157288150420120E-002  9.252103827460240E-002  5.445949973813205E-002
  5.577168458571108E-002
 =======================END OF THE WEIGHTS OF NEW SCHEME=====================
 TEST OF SIR Weights:
 ===========================
  0.000000000000000E+000  0.000000000000000E+000  0.000000000000000E+000
 NaN                      0.000000000000000E+000  0.000000000000000E+000
  0.000000000000000E+000  0.000000000000000E+000  0.000000000000000E+000
 NaN                    
 END OF THE TEST
 TEST OF THE OPTIMAL PROPOSAL DENSITY WEIGHTS
 ============================================
  0.000000000000000E+000  0.000000000000000E+000  0.000000000000000E+000
 NaN                      0.000000000000000E+000  0.000000000000000E+000
  0.000000000000000E+000  0.000000000000000E+000  0.000000000000000E+000
 NaN                    
 END OF THE OPTIMAL PROPOSAL DENSITY WEIGHTS
 ALPHA = ,There always are some values that we cannot choose!
   1.09552205810370     
   1.00622962393702     
   1.01086457626265     
  0.862484421574146     
   1.05314842431524     
   1.19997111954661     
   1.03193843696891     
   1.04182680627444     
  0.901613207160742     
  0.849390852732203     
 =======================The Weights Of New Scheme============================
  0.115235124025265       7.457065008409276E-003  1.302103884740105E-002
  0.165985005263639       6.406759318588470E-002  0.244567158225897     
  3.910758587139263E-002  5.082324647498407E-002  0.116783972462991     
  0.182952210634136     
 =======================END OF THE WEIGHTS OF NEW SCHEME=====================
 TEST OF SIR Weights:
 ===========================
  0.000000000000000E+000  0.000000000000000E+000  0.000000000000000E+000
  0.000000000000000E+000 NaN                     NaN                    
  0.000000000000000E+000  0.000000000000000E+000  0.000000000000000E+000
  0.000000000000000E+000
 END OF THE TEST
 TEST OF THE OPTIMAL PROPOSAL DENSITY WEIGHTS
 ============================================
  0.000000000000000E+000  0.000000000000000E+000  0.000000000000000E+000
  0.000000000000000E+000 NaN                     NaN                    
  0.000000000000000E+000  0.000000000000000E+000  0.000000000000000E+000
  0.000000000000000E+000
 END OF THE OPTIMAL PROPOSAL DENSITY WEIGHTS
 ALPHA = ,There always are some values that we cannot choose!
   1.18885240262474     
   1.01079616093232     
  0.996301049177017     
  0.986114384256931     
  0.843695565085333     
  0.847459568125418     
  0.983582470785494     
  0.987885625560790     
   1.05923754919127     
   1.15099921415627     
 =======================The Weights Of New Scheme============================
  0.247396478326035       1.404182806286752E-002  4.831053413005771E-003
  1.823482766894690E-002  0.203828346194857       0.203193399916670     
  2.090036716577260E-002  1.595668569843400E-002  7.790254585843737E-002
  0.193714467694974     
 =======================END OF THE WEIGHTS OF NEW SCHEME=====================
 =================================================
 THE RMSE OF THE TRUTH RUN IS = 
  9.952628176349441E-004
 THE RMSE OF ENSEMBLE MEAN OF SIR IS = 
  0.231630876916770     
 THE RMSE OF ENSEMBLE MEAN OF OPD IS = 
  0.224933788892524     
 THE RMSE OF ENSEMBLE MEAN OF New IS = 
  0.216494677758526     
 =================================================
