 TEST OF SIR Weights:
 ===========================
   1.00000000000000       5.310193923417200E-025  2.058241418228583E-070
  1.042828819321562E-024  3.615521920699749E-065  2.434024674687496E-038
  4.190349789015086E-060  5.126566533664658E-022  3.442367047938416E-027
  1.742546660647392E-019
 END OF THE TEST
 TEST OF THE OPTIMAL PROPOSAL DENSITY WEIGHTS
 ============================================
   1.00000000000000       1.846973361820077E-022  8.673154085622596E-066
  3.561580924047105E-021  1.868798314513559E-062  4.240851097607970E-039
  5.882762985117587E-055  2.716129214993964E-017  3.879095567514834E-023
  4.445409000490168E-017
 END OF THE OPTIMAL PROPOSAL DENSITY WEIGHTS
 PMat^{1/2}= 
  9.701424893031445E-002
 ALPHA = ,There always are some values that we cannot choose!
  0.232375822457779     
  0.632210533142051     
   4.64972639836832     
  0.595879004532988     
   3.98804170427767     
   1.36032249369004     
   2.82357490176285     
  0.498324146230154     
  0.652253367996355     
  0.493438129129374     
 =======================The Weights Of New Scheme============================
  7.831160288267790E-002  2.925977815336944E-002  0.307363336400744     
  4.453662534461341E-002  0.283886192582618       3.425425745834167E-002
  0.100383625457149       4.196799574599758E-002  3.459463476483795E-002
  4.544195120965012E-002
 =======================END OF THE WEIGHTS OF NEW SCHEME=====================
 TEST OF SIR Weights:
 ===========================
  3.867331261087229E-059  2.675920701889902E-023  0.999930731433233     
  6.926856676718394E-005  2.460216781395744E-064  1.204558318046090E-069
  1.127075329692522E-061  1.744975102099183E-057  3.333474223713273E-038
  1.840911744717914E-031
 END OF THE TEST
 TEST OF THE OPTIMAL PROPOSAL DENSITY WEIGHTS
 ============================================
  1.874980279242147E-055  7.757912014444035E-021  0.999993859729241     
  6.140270759439751E-006  3.541591638000376E-060  1.715944387349110E-067
  1.291142084390628E-053  7.299773213295228E-050  7.878095072044767E-031
  4.021892834505766E-031
 END OF THE OPTIMAL PROPOSAL DENSITY WEIGHTS
 PMat^{1/2}= 
  9.701424893031445E-002
 ALPHA = ,There always are some values that we cannot choose!
   2.27488576089391     
  0.461981547669812     
  0.182986723033056     
  0.232624673183564     
   2.82771448658423     
   3.96031255212803     
   2.09025872879058     
   1.75854440467572     
  0.731966326370888     
  0.741875307908379     
 =======================The Weights Of New Scheme============================
  0.110580378675746       7.387486384488123E-002  8.523792741797072E-002
  6.746754397879191E-002  0.136806376789533       0.266496832673109     
  0.128491102432322       7.362506101632403E-002  2.650025021208533E-002
  3.091966295923638E-002
 =======================END OF THE WEIGHTS OF NEW SCHEME=====================
 TEST OF SIR Weights:
 ===========================
  1.280185473746749E-026  3.693689780888591E-019  3.957841256104929E-056
  6.592410490815071E-029  9.098978662294863E-044  0.441364060554682     
  1.958862743106490E-027  0.558635939445318       2.853148419323193E-027
  6.932067032964243E-023
 END OF THE TEST
 TEST OF THE OPTIMAL PROPOSAL DENSITY WEIGHTS
 ============================================
  3.395950073994462E-024  7.666804136748391E-013  4.087287936020978E-051
  2.348235441877545E-024  4.187390823411285E-041  0.180487350020602     
  1.635632594262008E-024  0.819512649978631       1.855974645365326E-022
  6.742532411644280E-024
 END OF THE OPTIMAL PROPOSAL DENSITY WEIGHTS
 PMat^{1/2}= 
  9.701424893031445E-002
 ALPHA = ,There always are some values that we cannot choose!
   1.07246303636215     
  0.635783526966886     
   3.70486897879797     
   1.08040534938878     
   2.33648333987525     
  0.376593329527522     
   1.08824791430281     
  0.365367947395881     
  0.989988427265235     
   1.05785245371269     
 =======================The Weights Of New Scheme============================
  1.241070546018183E-002  6.912048372326600E-002  0.384347216683626     
  1.078083130277412E-002  0.281533857547155       9.002918713730215E-002
  1.677632771227505E-002  0.121726679092294       1.555325203261412E-003
  1.171938613786484E-002
 =======================END OF THE WEIGHTS OF NEW SCHEME=====================
 TEST OF SIR Weights:
 ===========================
  1.464011737404623E-076  9.521605964113853E-039  8.683835261154211E-073
  2.287187712678078E-038  1.164713030282095E-076  2.166588332611288E-026
  5.753341712134123E-056   1.00000000000000       1.317587333274753E-027
  5.895516686628914E-081
 END OF THE TEST
 TEST OF THE OPTIMAL PROPOSAL DENSITY WEIGHTS
 ============================================
  4.480650565585332E-071  6.331543946627642E-031  7.356593688196344E-064
  1.865673591127383E-031  5.891257519305558E-069  4.027588243780234E-022
  8.651608504298203E-048   1.00000000000000       9.785291788502112E-019
  4.508127600734830E-071
 END OF THE OPTIMAL PROPOSAL DENSITY WEIGHTS
 PMat^{1/2}= 
  9.701424893031445E-002
 ALPHA = ,There always are some values that we cannot choose!
   3.69885872911161     
  0.582189506792342     
   2.65314527456683     
  0.596592587146212     
   3.35498363384849     
  0.388144703954330     
   1.26576367739211     
  0.144908735285936     
  0.332110870137693     
   3.69840648622519     
 =======================The Weights Of New Scheme============================
  0.239118120171576       3.176313763633983E-002  0.125090552964131     
  4.485219397974079E-002  0.181234933658874       5.062760371420263E-002
  2.016483342234891E-002  6.848134610387489E-002  6.040257790108146E-002
  0.178264700447831     
 =======================END OF THE WEIGHTS OF NEW SCHEME=====================
 TEST OF SIR Weights:
 ===========================
  5.666124962426015E-068  1.422122731549126E-011  2.783491368325983E-033
  1.460049028792593E-031  4.618894653233353E-035  6.017385536896825E-040
  0.999999999985779       1.703330106957064E-019  8.368407310796902E-022
  1.459105293194785E-044
 END OF THE TEST
 TEST OF THE OPTIMAL PROPOSAL DENSITY WEIGHTS
 ============================================
  5.149722570691762E-055  1.055192083851761E-007  1.100946242743768E-030
  4.262984825487435E-030  8.505325734949464E-029  7.689321099318456E-035
  0.999999894480791       3.319910277119949E-016  4.324140395903667E-019
  1.584080662210851E-036
 END OF THE OPTIMAL PROPOSAL DENSITY WEIGHTS
 PMat^{1/2}= 
  9.701424893031445E-002
 ALPHA = ,There always are some values that we cannot choose!
   3.80997633823624     
  0.431212483100604     
   1.24257506101133     
   1.20938249845652     
   1.13910599143599     
   1.50466630359963     
  0.312721655189477     
  0.637874775125129     
  0.728517451119213     
   1.62615676173533     
 =======================The Weights Of New Scheme============================
  0.445687122960012       8.363974838002959E-002  4.361094341352216E-002
  3.201324583187649E-002  1.824753924204668E-002  6.594840477923988E-002
  9.593522224098675E-002  8.025908961883088E-002  4.900946375093621E-002
  8.564921978251903E-002
 =======================END OF THE WEIGHTS OF NEW SCHEME=====================
 TEST OF SIR Weights:
 ===========================
  6.577011618524973E-026   1.00000000000000       8.893558077137208E-036
  1.418666117880963E-111  6.505489659493996E-025  2.538925561502328E-081
  4.691152900421982E-020  1.814899558921769E-073  5.655231604560387E-029
  4.216414467051407E-057
 END OF THE TEST
 TEST OF THE OPTIMAL PROPOSAL DENSITY WEIGHTS
 ============================================
  1.865088733017456E-024   1.00000000000000       1.343272581893407E-030
  2.093002787158640E-101  3.189269902352430E-021  1.820040496148814E-076
  5.470825767950783E-019  4.360448904534846E-069  2.766201844911166E-032
  4.767331959744209E-058
 END OF THE OPTIMAL PROPOSAL DENSITY WEIGHTS
 PMat^{1/2}= 
  9.701424893031445E-002
 ALPHA = ,There always are some values that we cannot choose!
  0.419322636997169     
  0.140592546836491     
  0.556415238214965     
   14.5059742474619     
  0.361317064161278     
   4.60003013984167     
  0.325987720099046     
   3.27470116431672     
  0.601346269206199     
   1.96968505802770     
 =======================The Weights Of New Scheme============================
  2.105864306855634E-002  3.395322984448641E-002  1.991605202489378E-002
  0.519765309698785       2.819560624574770E-002  0.189034894880989     
  2.658152925230266E-002  9.937931141284646E-002  1.680480298888402E-002
  4.531062058250870E-002
 =======================END OF THE WEIGHTS OF NEW SCHEME=====================
 TEST OF SIR Weights:
 ===========================
  2.732391626994373E-009  9.917164032662321E-023  3.500557145521318E-082
  1.106413209573932E-004  0.999872643765246       1.671218140517410E-005
  1.756802613383468E-056  5.095244554261793E-038  1.237867059655549E-052
  2.135000616867821E-039
 END OF THE TEST
 TEST OF THE OPTIMAL PROPOSAL DENSITY WEIGHTS
 ============================================
  1.077846132266933E-007  4.293881624273839E-020  6.593897929450316E-076
  2.018231964206137E-004  0.999798000504564       6.851440185129437E-008
  9.485105890787921E-051  6.473644686552105E-039  6.690642233186376E-045
  2.678882729075131E-036
 END OF THE OPTIMAL PROPOSAL DENSITY WEIGHTS
 PMat^{1/2}= 
  9.701424893031445E-002
 ALPHA = ,There always are some values that we cannot choose!
  0.379037796181729     
  0.670929136291693     
   8.76901492474817     
  0.326012484909791     
  0.275001718879837     
  0.382488177800038     
   2.75291504947200     
   1.59628589606369     
   2.10292748632517     
   1.41505910336507     
 =======================The Weights Of New Scheme============================
  3.267809725144761E-002  1.981240029791751E-002  0.569182730571488     
  4.262465382571766E-002  5.238261697352748E-002  3.307412415412965E-002
  0.120273264262201       3.639355419874794E-002  6.721249250867870E-002
  2.636606595614425E-002
 =======================END OF THE WEIGHTS OF NEW SCHEME=====================
 TEST OF SIR Weights:
 ===========================
  6.283678017148552E-039  1.154522847697511E-044  0.113854208846896     
  3.405205998237384E-098  6.530153878671056E-032  3.317906698047722E-040
  1.927970145297380E-027  0.886145791152964       1.328383061693987E-037
  1.401878697866896E-013
 END OF THE TEST
 TEST OF THE OPTIMAL PROPOSAL DENSITY WEIGHTS
 ============================================
  2.753009064498382E-034  5.829339830101267E-040  4.026561440025635E-002
  1.233249541907105E-086  2.289065946553179E-026  6.883819651673398E-032
  9.280816596388380E-027  0.959734385599743       4.828193602507876E-037
  3.462713422137501E-016
 END OF THE OPTIMAL PROPOSAL DENSITY WEIGHTS
 PMat^{1/2}= 
  9.701424893031445E-002
 ALPHA = ,There always are some values that we cannot choose!
   1.20711188050823     
   1.56758568774045     
  0.274438470677525     
   13.4500115685426     
  0.838205509371694     
   1.08090390906659     
  0.853477258117721     
  0.257573189626675     
   1.37046511027359     
  0.524511900386664     
 =======================The Weights Of New Scheme============================
  1.526560114071523E-002  3.521880802475770E-002  4.452537723422392E-002
  0.778992995856542       8.701896121915855E-003  5.088616661875855E-003
  1.008034212104549E-002  4.858879467533540E-002  2.631680499416969E-002
  2.722076316941923E-002
 =======================END OF THE WEIGHTS OF NEW SCHEME=====================
 TEST OF SIR Weights:
 ===========================
  2.153387069932190E-008  9.619215407745204E-022  9.762235751687377E-034
  0.999999978461508       7.889921933337870E-043  3.373579729019446E-021
  1.455957690881615E-083  8.715975221087443E-047  4.621013426563053E-012
  5.319828834912506E-050
 END OF THE TEST
 TEST OF THE OPTIMAL PROPOSAL DENSITY WEIGHTS
 ============================================
  2.779979732587717E-007  1.599289109985639E-021  4.140281500901225E-033
  0.999999722001983       1.285201221413486E-037  1.709715113770351E-018
  4.012042924427384E-072  6.688259574995386E-044  4.409961072741986E-014
  4.609380585370306E-049
 END OF THE OPTIMAL PROPOSAL DENSITY WEIGHTS
 PMat^{1/2}= 
  9.701424893031445E-002
 ALPHA = ,There always are some values that we cannot choose!
  0.354655309429514     
  0.683295812030838     
   1.16505573250893     
  0.262232974350321     
   1.43386371889344     
  0.594331602229468     
   7.02457392201125     
   1.91505405094761     
  0.485063508124685     
   2.42892691394395     
 =======================The Weights Of New Scheme============================
  5.147047344205840E-002  2.698054692791381E-002  1.333215158945800E-002
  6.822361427384323E-002  2.901163635031333E-002  3.126943824788140E-002
  0.553716380166613       7.626785872098736E-002  3.293531546896774E-002
  0.116792584811964     
 =======================END OF THE WEIGHTS OF NEW SCHEME=====================
 TEST OF SIR Weights:
 ===========================
  4.591780454841906E-027  8.853040234962394E-029  8.693385326004524E-061
  4.463708820223604E-026  3.274900971588239E-083  1.812147697805905E-009
  1.998371957778839E-017  1.517191380137871E-017  0.999999998187852     
  3.369235079363439E-035
 END OF THE TEST
 TEST OF THE OPTIMAL PROPOSAL DENSITY WEIGHTS
 ============================================
  3.014263405863846E-030  1.370740622837561E-028  1.506509384911324E-060
  3.122825382769067E-027  8.320683917175627E-075  2.147543755801073E-007
  7.126896261951061E-017  1.003994961676906E-021  0.999999785245624     
  6.411216722981001E-039
 END OF THE OPTIMAL PROPOSAL DENSITY WEIGHTS
 PMat^{1/2}= 
  9.701424893031445E-002
 ALPHA = ,There always are some values that we cannot choose!
  0.979086437766842     
  0.907121693657000     
   3.95225740642940     
  0.852145401657642     
   7.62081604124441     
  0.341795089012899     
  0.528867220552184     
  0.661256612776491     
  0.251422801174243     
   1.45970753434296     
 =======================The Weights Of New Scheme============================
  1.593080328664463E-003  9.108152470308946E-003  0.216662348317756     
  1.335671836256420E-002  0.559558844125015       5.138479523265402E-002
  3.712503503826949E-002  2.135450172493444E-002  5.057405307127719E-002
  3.928247132855616E-002
 =======================END OF THE WEIGHTS OF NEW SCHEME=====================
 =================================================
 THE RMSE OF THE TRUTH RUN IS = 
  8.239140142373362E-003
 THE RMSE OF ENSEMBLE MEAN OF SIR IS = 
  0.277427641384506     
 THE RMSE OF ENSEMBLE MEAN OF OPD IS = 
  0.261312805202803     
 THE RMSE OF ENSEMBLE MEAN OF New IS = 
  0.263219407516234     
 =================================================
