 TEST OF SIR Weights:
 ===========================
  7.221415396739903E-012  3.156764656341189E-009  1.044329631483249E-015
  2.381939087535800E-003  1.243459846324064E-005  3.198009521091925E-015
  1.625879213762668E-004  4.209157502174330E-007  3.260822311397193E-003
  0.994181792001487     
 END OF THE TEST
 TEST OF THE OPTIMAL PROPOSAL DENSITY WEIGHTS
 ============================================
  6.632403555007474E-011  1.112507148762456E-009  3.751973817739677E-015
  5.796603564648234E-004  7.942170091828180E-006  3.061988305815307E-014
  7.045983284981780E-005  4.932003502067857E-007  4.545087280757584E-004
  0.998886934533302     
 END OF THE OPTIMAL PROPOSAL DENSITY WEIGHTS
 PMat^{1/2}= 
  9.701424893031445E-002
 ALPHA = ,There always are some values that we cannot choose!
   4.48180833034713     
   2.54992205976498     
   31.6909682517984     
  0.183295898979857     
  0.432314330009682     
   20.8250840374900     
  0.279382466053956     
  0.753672715004355     
  0.192432766126600     
  4.129373835339249E-002
 =======================The Weights Of New Scheme============================
  8.417202580863414E-002  1.476629736822123E-002  0.604907955774332     
  7.891275181033712E-003  4.723024353783000E-003  0.243038109647194     
  5.298821041871631E-003  2.206988408294443E-003  1.110249802679821E-002
  2.189300438983694E-002
 =======================END OF THE WEIGHTS OF NEW SCHEME=====================
 TEST OF SIR Weights:
 ===========================
  6.422615541712820E-019  1.809687882413158E-017  3.822011145841169E-014
  0.914044519746469       9.027501981597996E-006  4.058345942557232E-013
  5.567735681103664E-010  8.594639452073151E-002  5.767290406695456E-008
  6.965698256694242E-013
 END OF THE TEST
 TEST OF THE OPTIMAL PROPOSAL DENSITY WEIGHTS
 ============================================
  9.182645825921714E-018  5.567491936467103E-017  9.226967872769193E-015
  0.998439158495605       8.903935206252362E-006  9.554059125782368E-013
  5.684654733941637E-009  1.551884890622196E-003  4.698319186828881E-008
  9.755215793380204E-012
 END OF THE OPTIMAL PROPOSAL DENSITY WEIGHTS
 PMat^{1/2}= 
  9.701424893031445E-002
 ALPHA = ,There always are some values that we cannot choose!
   34.0092341592441     
   23.7169315291453     
   8.53451050755918     
  1.331453789314031E-002
  0.136230396588200     
   3.37406025586773     
  0.593266192574201     
  4.853091931305057E-002
  0.388867739514062     
   2.12003505924510     
 =======================The Weights Of New Scheme============================
  0.679187328456689       0.120693045207584       8.129550643323966E-002
  1.711285111931993E-002  1.471290256635865E-002  2.779328255459616E-002
  5.431812819954937E-003  2.474518484572978E-002  1.666415876632398E-002
  1.236392723020449E-002
 =======================END OF THE WEIGHTS OF NEW SCHEME=====================
 TEST OF SIR Weights:
 ===========================
  0.957522327172515       2.740695312916549E-007  7.158347998050332E-007
  1.022039201418869E-004  8.223036748595163E-014  6.883264363010201E-014
  3.989717093843957E-020  4.096452242995832E-002  1.395975406652664E-003
  1.398116624999876E-005
 END OF THE TEST
 TEST OF THE OPTIMAL PROPOSAL DENSITY WEIGHTS
 ============================================
  0.989717120301031       8.565231997485852E-006  5.777840149570420E-006
  3.655072695437499E-004  1.252388085227735E-010  2.321516061936753E-012
  2.462385204612776E-017  6.395661944413185E-003  3.496149291453586E-003
  1.121799385118461E-005
 END OF THE OPTIMAL PROPOSAL DENSITY WEIGHTS
 PMat^{1/2}= 
  9.701424893031445E-002
 ALPHA = ,There always are some values that we cannot choose!
  5.902570244040160E-002
  0.607568926993486     
  0.657340326552032     
  0.286790114198275     
   5.63113054068236     
   12.5022748485515     
   123.558373332411     
  0.161795441216187     
  0.182568306391873     
  0.575652428532544     
 =======================The Weights Of New Scheme============================
  6.806514277619598E-003  2.140968266004857E-003  2.008902327844958E-003
  2.070774468799138E-003  2.280593648493817E-002  1.981764331547230E-002
  0.933697401640287       4.628908216915243E-003  3.720559666375562E-003
  2.302391335743334E-003
 =======================END OF THE WEIGHTS OF NEW SCHEME=====================
 TEST OF SIR Weights:
 ===========================
  1.920474448729329E-007  9.683811537233328E-011  0.999578929185100     
  3.737816050343661E-011  1.530749360079107E-005  1.142533775691966E-008
  9.631921708102501E-013  9.446079037748484E-023  1.465787311469905E-011
  4.055596986785847E-004
 END OF THE TEST
 TEST OF THE OPTIMAL PROPOSAL DENSITY WEIGHTS
 ============================================
  2.115686687438152E-006  1.438001897435714E-010  0.997745974296322     
  2.683540559047684E-010  1.527526487880650E-003  2.789195488347781E-009
  3.920393543237170E-011  1.491032048748575E-022  3.282134368103395E-010
  7.243799603431121E-004
 END OF THE OPTIMAL PROPOSAL DENSITY WEIGHTS
 PMat^{1/2}= 
  9.701424893031445E-002
 ALPHA = ,There always are some values that we cannot choose!
  0.322534852965227     
   2.19844208911778     
  2.365173067542126E-002
   1.94055201926305     
  8.647073925793826E-002
   1.21498560088611     
   2.85102475859513     
   548.238494425448     
   1.86395597498152     
  0.100386112520781     
 =======================The Weights Of New Scheme============================
  1.461847549847582E-003  2.833216964858619E-003  1.635650200969586E-003
  1.630653171889514E-003  1.027961178930026E-003  3.957810892209043E-004
  2.971869362422261E-003  0.985578985400185       8.776918766820717E-004
  1.586343204994375E-003
 =======================END OF THE WEIGHTS OF NEW SCHEME=====================
 TEST OF SIR Weights:
 ===========================
  5.454831561860339E-014  6.073150546663514E-004  7.132978870270642E-019
  1.508454221370120E-002  2.126593635278649E-009  3.864447227024040E-009
  0.984277470244608       3.065837299600355E-005  8.016326253635046E-010
  7.321300886388280E-009
 END OF THE TEST
 TEST OF THE OPTIMAL PROPOSAL DENSITY WEIGHTS
 ============================================
  2.158785067882175E-014  7.537050431159083E-004  1.471335178419179E-016
  8.655144608566040E-003  2.964374109964324E-010  6.445822005741827E-008
  0.990284573981155       3.064813120665371E-004  4.646467478710277E-010
  2.983577070349428E-008
 END OF THE OPTIMAL PROPOSAL DENSITY WEIGHTS
 PMat^{1/2}= 
  9.701424893031445E-002
 ALPHA = ,There always are some values that we cannot choose!
   19.8422430151524     
  0.154522726010339     
   53.8133862998875     
  9.483699395371974E-002
   2.95152212472274     
   1.00595136348533     
  3.675197162864343E-002
  0.184991530609209     
   2.69778953097344     
   1.17350567244463     
 =======================The Weights Of New Scheme============================
  0.385244714906766       8.175430464284567E-003  0.505279848656789     
  2.018812438678416E-002  4.443427369503125E-002  1.217463004178937E-004
  1.026254590125428E-002  7.612657667432132E-003  1.575010054777521E-002
  2.930557473465856E-003
 =======================END OF THE WEIGHTS OF NEW SCHEME=====================
 TEST OF SIR Weights:
 ===========================
  3.057121193559455E-013  8.634672600324397E-007  2.136752220433349E-007
  3.317770778847052E-005  9.570304605473712E-024  3.805634473715447E-014
  5.055812588911203E-005  0.999915171467145       1.555634976519954E-008
  2.190839611582446E-015
 END OF THE TEST
 TEST OF THE OPTIMAL PROPOSAL DENSITY WEIGHTS
 ============================================
  1.033723412324489E-012  1.235794953439717E-004  6.865412377613206E-007
  3.646102363339743E-003  4.867677595949427E-022  1.066562374249094E-011
  5.409757784104845E-004  0.995688610381877       4.542461994762159E-008
  3.471408403154771E-012
 END OF THE OPTIMAL PROPOSAL DENSITY WEIGHTS
 PMat^{1/2}= 
  9.701424893031445E-002
 ALPHA = ,There always are some values that we cannot choose!
   6.60851961450902     
  0.160175382727172     
  0.452534535308779     
  8.139903989834300E-002
   484.753209003762     
   4.14369519830537     
  0.119220102191509     
  2.650698583455261E-002
  0.778980871535566     
   5.18661380641443     
 =======================The Weights Of New Scheme============================
  9.128879593454315E-003  8.130035029262691E-004  6.899656107424416E-004
  2.186781081157334E-003  0.972279110760401       5.914985244190049E-003
  1.759637682197116E-003  9.973077367730469E-004  3.915164605369542E-004
  5.838812327621905E-003
 =======================END OF THE WEIGHTS OF NEW SCHEME=====================
 TEST OF SIR Weights:
 ===========================
  1.213224660818176E-005  4.558023599545755E-007  0.999987027892621     
  1.285984966929095E-015  3.818016348028656E-007  2.256774873046937E-009
  3.566968558196416E-021  2.277653202559219E-018  8.739607478166826E-032
  8.160471655118002E-020
 END OF THE TEST
 TEST OF THE OPTIMAL PROPOSAL DENSITY WEIGHTS
 ============================================
  2.949895005737030E-006  3.472581387732981E-008  0.999996532460423     
  9.076781275021054E-016  4.814138317742647E-007  1.504924472560719E-009
  2.041212797366051E-018  3.626338934999256E-018  1.025734550223736E-031
  6.110837575909506E-019
 END OF THE OPTIMAL PROPOSAL DENSITY WEIGHTS
 PMat^{1/2}= 
  9.701424893031445E-002
 ALPHA = ,There always are some values that we cannot choose!
  3.596971433779717E-002
  8.745161091253292E-002
  2.817724976973766E-003
   2.87284322399645     
  5.168857837954578E-002
  0.163830727428153     
   9.72569495816497     
   8.66971102330064     
   4443.15336024901     
   12.3787887742242     
 =======================The Weights Of New Scheme============================
  2.013804210729161E-004  1.932704484695832E-004  4.659205454543185E-004
  5.535008918333391E-004  3.022736177628096E-004  1.838813188598851E-004
  2.341914158970651E-003  2.879216286952295E-003  0.990360695198208     
  2.517947112416332E-003
 =======================END OF THE WEIGHTS OF NEW SCHEME=====================
 TEST OF SIR Weights:
 ===========================
  6.059626483147967E-011  3.427941199949065E-013  0.999423445596163     
  6.624564079397188E-012  6.287400967387904E-012  1.580756276862849E-011
  1.744990994471476E-007  1.532454215187394E-005  5.610551924866080E-004
  8.043995345274979E-011
 END OF THE TEST
 TEST OF THE OPTIMAL PROPOSAL DENSITY WEIGHTS
 ============================================
  4.329015250840969E-010  1.192646862124676E-012  0.996977420825047     
  3.109718455647434E-010  2.226045846336720E-011  6.701407894115895E-010
  9.904443812521753E-007  1.156638203687872E-004  2.905923377835034E-003
  9.490022651887403E-011
 END OF THE OPTIMAL PROPOSAL DENSITY WEIGHTS
 PMat^{1/2}= 
  9.701424893031445E-002
 ALPHA = ,There always are some values that we cannot choose!
   2.57201743512192     
   8.36082931424639     
  3.449964822898836E-002
   2.74794171668916     
   4.65634242379469     
   2.35677716076445     
  0.547502003673249     
  0.211306192612024     
  0.110890642464536     
   3.48416153296569     
 =======================The Weights Of New Scheme============================
  7.903608453465573E-002  0.223793047144543       9.082328154894920E-002
  0.166132131596377       6.196678395966135E-002  9.029255915674779E-002
  2.849185331212516E-002  5.488410980646562E-002  5.640102018672034E-002
  0.148179128753755     
 =======================END OF THE WEIGHTS OF NEW SCHEME=====================
 TEST OF SIR Weights:
 ===========================
  5.053271328439590E-003  6.089166474114133E-007  0.994763293110217     
  7.895693724868570E-007  1.035435353018798E-009  5.166470701279648E-019
  7.143331777464279E-023  6.867529717300187E-005  1.133553575908670E-004
  5.385123990690692E-009
 END OF THE TEST
 TEST OF THE OPTIMAL PROPOSAL DENSITY WEIGHTS
 ============================================
  7.506657788662329E-003  8.251471139185701E-005  0.990902554898984     
  1.835840035274270E-005  8.439595930692120E-007  4.042819592311092E-017
  6.521643705294815E-021  1.480127672561905E-003  7.845695369846884E-006
  1.096873083842033E-006
 END OF THE OPTIMAL PROPOSAL DENSITY WEIGHTS
 PMat^{1/2}= 
  9.701424893031445E-002
 ALPHA = ,There always are some values that we cannot choose!
  0.118849279665889     
  0.292940622715399     
  4.475892917348746E-002
  0.395657051383652     
  0.732523474377328     
   84.8689843869790     
   486.647463093908     
  0.164447032824046     
  0.468985687502589     
  0.695111704779761     
 =======================The Weights Of New Scheme============================
  8.410562888521118E-004  4.179234993271372E-004  1.906590601569883E-003
  5.974658492747453E-004  2.001610602240405E-004  7.182787145759327E-002
  0.921468224083745       1.982041139592665E-003  5.479880356680219E-004
  2.106779841526837E-004
 =======================END OF THE WEIGHTS OF NEW SCHEME=====================
 TEST OF SIR Weights:
 ===========================
  0.730458274460532       6.650219822054307E-008  1.002404799615197E-009
  7.316573939965266E-008  4.514717216163583E-026  6.361304603089085E-005
  6.656860536264165E-016  1.764651934985507E-008  4.814367842964299E-009
  0.269477949362207     
 END OF THE TEST
 TEST OF THE OPTIMAL PROPOSAL DENSITY WEIGHTS
 ============================================
  0.933021700526628       1.043212818992298E-007  4.243766664888783E-008
  6.547060371607310E-007  1.005831497809902E-024  9.258204154245700E-003
  2.616478892034972E-014  2.831577396611829E-007  4.928893152803402E-006
  5.771408180322242E-002
 END OF THE OPTIMAL PROPOSAL DENSITY WEIGHTS
 PMat^{1/2}= 
  9.701424893031445E-002
 ALPHA = ,There always are some values that we cannot choose!
  3.471518453062140E-002
  0.852752976710583     
   1.02081613920349     
  0.590593357333423     
   2157.70854154733     
  8.733583492512012E-002
   17.8219154913658     
  0.698380556445084     
  0.394410026047482     
  6.056775395570616E-002
 =======================The Weights Of New Scheme============================
  4.490486934866076E-004  9.596822312806422E-005  1.266021225106631E-005
  2.486361980736211E-004  0.986656120327696       8.582080565221704E-004
  1.074740644181911E-002  1.642611279290190E-004  4.457587086745881E-004
  3.219320104198355E-004
 =======================END OF THE WEIGHTS OF NEW SCHEME=====================
 =================================================
 THE RMSE OF THE TRUTH RUN IS = 
  1.230177555602236E-002
 THE RMSE OF ENSEMBLE MEAN OF SIR IS = 
  0.380176023304886     
 THE RMSE OF ENSEMBLE MEAN OF OPD IS = 
  0.362293731936022     
 THE RMSE OF ENSEMBLE MEAN OF New IS = 
  0.339852932937849     
 =================================================
