 TEST OF SIR Weights:
 ===========================
  3.433447219302764E-040  2.189836005952143E-109  0.000000000000000E+000
  9.287603980279094E-294  0.000000000000000E+000  0.000000000000000E+000
  0.000000000000000E+000  2.174544904643332E-304   1.00000000000000     
  5.383254402825283E-275
 END OF THE TEST
 TEST OF THE OPTIMAL PROPOSAL DENSITY WEIGHTS
 ============================================
  4.202269997866617E-033  6.665280564044976E-090  7.515215255844021E-272
  4.661246972123099E-288  0.000000000000000E+000  0.000000000000000E+000
  0.000000000000000E+000  1.358805231804119E-286   1.00000000000000     
  6.456522213293853E-234
 END OF THE OPTIMAL PROPOSAL DENSITY WEIGHTS
 PMat^{1/2}= 
  9.701424893031445E-002
 ALPHA = ,There always are some values that we cannot choose!
  0.787923296522954     
  0.841169997797460     
   1.03718854753403     
   1.05672366243869     
   1.13335567712931     
   1.20313177505324     
   1.26975007078279     
   1.05494326738070     
  0.759094217997220     
  0.992866103477183     
 =======================The Weights Of New Scheme============================
  0.159427737852045       0.112942947151369       2.778277026665036E-002
  4.015101300469964E-002  9.681373233154741E-002  0.146630257961958     
  0.197720883660692       3.819806621472864E-002  0.175158411543847     
  5.174180012462766E-003
 =======================END OF THE WEIGHTS OF NEW SCHEME=====================
 TEST OF SIR Weights:
 ===========================
  0.000000000000000E+000  0.000000000000000E+000  2.968458457131365E-181
  1.053295927538625E-297  0.000000000000000E+000  4.846443108003535E-110
  2.412008064008039E-222  5.336540138173524E-220   1.00000000000000     
  0.000000000000000E+000
 END OF THE TEST
 TEST OF THE OPTIMAL PROPOSAL DENSITY WEIGHTS
 ============================================
  0.000000000000000E+000  0.000000000000000E+000  3.777947075649334E-148
  4.225025165828690E-221  3.706889490120574E-279  1.433914893321955E-078
  2.418363906325895E-180  1.397973055188138E-175   1.00000000000000     
  0.000000000000000E+000
 END OF THE OPTIMAL PROPOSAL DENSITY WEIGHTS
 PMat^{1/2}= 
  9.701424893031445E-002
 ALPHA = ,There always are some values that we cannot choose!
   1.20834468926710     
   1.14458498732599     
  0.921846335687194     
   1.00261511369671     
   1.07192069780682     
  0.850881144798568     
  0.956655121410915     
  0.951424678689862     
  0.777941897141048     
   1.21132255743605     
 =======================The Weights Of New Scheme============================
  0.176571872572211       0.124905177184205       6.677067382798611E-002
  2.241496460854062E-003  6.082152990773380E-002  0.125891415839739     
  3.641585839204776E-002  4.064987470976552E-002  0.189773427487182     
  0.175958673618275     
 =======================END OF THE WEIGHTS OF NEW SCHEME=====================
 TEST OF SIR Weights:
 ===========================
  0.000000000000000E+000  0.000000000000000E+000  0.000000000000000E+000
 NaN                      0.000000000000000E+000  0.000000000000000E+000
  0.000000000000000E+000  0.000000000000000E+000  0.000000000000000E+000
  0.000000000000000E+000
 END OF THE TEST
 TEST OF THE OPTIMAL PROPOSAL DENSITY WEIGHTS
 ============================================
  0.000000000000000E+000  0.000000000000000E+000  0.000000000000000E+000
 NaN                      0.000000000000000E+000  0.000000000000000E+000
  0.000000000000000E+000  0.000000000000000E+000  0.000000000000000E+000
  0.000000000000000E+000
 END OF THE OPTIMAL PROPOSAL DENSITY WEIGHTS
 PMat^{1/2}= 
  9.701424893031445E-002
 ALPHA = ,There always are some values that we cannot choose!
   1.09515304459383     
  0.810213812153099     
  0.998576777880007     
  0.637867191499991     
   1.07861652010985     
   1.26488415143095     
  0.830774558346339     
  0.932859016186406     
   1.41537473629509     
   1.18229364633542     
 =======================The Weights Of New Scheme============================
  5.060446352441339E-002  0.104852280299073       7.877072606294105E-004
  0.196131869549915       4.232540816026974E-002  0.144366400893458     
  9.109112901619133E-002  3.704498333689096E-002  0.236246006716563     
  9.654975124259572E-002
 =======================END OF THE WEIGHTS OF NEW SCHEME=====================
 TEST OF SIR Weights:
 ===========================
  6.838365816117277E-302  2.671344913433391E-254  0.000000000000000E+000
  0.000000000000000E+000  8.557981833918456E-246   1.00000000000000     
  0.000000000000000E+000  1.515525430298443E-278  1.618831965507914E-270
  1.327904050584390E-257
 END OF THE TEST
 TEST OF THE OPTIMAL PROPOSAL DENSITY WEIGHTS
 ============================================
  8.461139112326776E-288  6.903498874998707E-271  0.000000000000000E+000
  0.000000000000000E+000  6.498015441587127E-276   1.00000000000000     
  2.981904521596508E-290  1.401568792432767E-248  4.449350571569847E-240
  1.639206761968050E-213
 END OF THE OPTIMAL PROPOSAL DENSITY WEIGHTS
 PMat^{1/2}= 
  9.701424893031445E-002
 ALPHA = ,There always are some values that we cannot choose!
   1.03063586879445     
   1.01076322574813     
   1.19304735949054     
   1.13716173066288     
   1.01662919413646     
  0.740574863812150     
   1.03355054544723     
  0.985134798467535     
  0.975539410629384     
  0.946153609506237     
 =======================The Weights Of New Scheme============================
  3.998727137763832E-002  1.403902232977131E-002  0.247544147833571     
  0.177330287946948       2.131829358609816E-002  0.339496853928727     
  4.390452126249234E-002  1.957080187348264E-002  3.089392630483111E-002
  6.591487355643962E-002
 =======================END OF THE WEIGHTS OF NEW SCHEME=====================
 TEST OF SIR Weights:
 ===========================
  0.000000000000000E+000  0.000000000000000E+000  0.000000000000000E+000
 NaN                      0.000000000000000E+000  0.000000000000000E+000
  0.000000000000000E+000  0.000000000000000E+000 NaN                    
  0.000000000000000E+000
 END OF THE TEST
 TEST OF THE OPTIMAL PROPOSAL DENSITY WEIGHTS
 ============================================
  0.000000000000000E+000  0.000000000000000E+000  0.000000000000000E+000
  0.999999999991393       0.000000000000000E+000  5.895589041115721E-286
  1.959858768747442E-169  1.598394876615010E-265  8.606861542488353E-012
  0.000000000000000E+000
 END OF THE OPTIMAL PROPOSAL DENSITY WEIGHTS
 PMat^{1/2}= 
  9.701424893031445E-002
 ALPHA = ,There always are some values that we cannot choose!
   1.12160818520848     
   1.40675690815059     
   1.02187552740119     
  0.714217507285785     
   1.23113449916476     
  0.991848242344212     
  0.867330021642691     
  0.968787774424342     
  0.723374290221958     
   1.16999621234603     
 =======================The Weights Of New Scheme============================
  7.352817910203652E-002  0.240801711373797       1.309316044027774E-002
  0.169009094738666       0.143711703270506       4.950588216988821E-003
  7.588688776076415E-002  1.818879969436780E-002  0.164342176703818     
  9.648769869877760E-002
 =======================END OF THE WEIGHTS OF NEW SCHEME=====================
 TEST OF SIR Weights:
 ===========================
  5.209520507016636E-170  3.521484221721381E-176  3.618939128283655E-293
  2.254369636571939E-177  0.000000000000000E+000  9.192224610690067E-144
   1.00000000000000       3.546765708249291E-188  1.383214969164468E-087
  0.000000000000000E+000
 END OF THE TEST
 TEST OF THE OPTIMAL PROPOSAL DENSITY WEIGHTS
 ============================================
  1.156679210630203E-134  1.654106614869097E-110  2.174271945315376E-252
  3.370990087577269E-161  4.330482050403037E-256  5.924306666695107E-118
   1.00000000000000       8.445363117181038E-175  5.173865600744566E-086
  0.000000000000000E+000
 END OF THE OPTIMAL PROPOSAL DENSITY WEIGHTS
 PMat^{1/2}= 
  9.701424893031445E-002
 ALPHA = ,There always are some values that we cannot choose!
  0.970590248787890     
  0.943970122047808     
   1.11147288757917     
   1.00069942792524     
   1.11621861814859     
  0.952097032354205     
  0.831893115551592     
   1.01649259937683     
  0.917720900675212     
   1.18984517901169     
 =======================The Weights Of New Scheme============================
  3.762712389387869E-002  6.909074091917934E-002  0.136419417808755     
  8.418493279016859E-004  0.143758930763412       5.845073286221310E-002
  0.204711177147047       2.035685561429722E-002  9.979627862303340E-002
  0.228946893040282     
 =======================END OF THE WEIGHTS OF NEW SCHEME=====================
 TEST OF SIR Weights:
 ===========================
  1.438710081392582E-196  6.154500914172578E-119  8.997759786117495E-098
  1.219741462265308E-264  3.713145759475518E-240  1.050998988351299E-264
  1.895334111887750E-227   1.00000000000000       2.778917730554739E-302
  1.374994316539591E-051
 END OF THE TEST
 TEST OF THE OPTIMAL PROPOSAL DENSITY WEIGHTS
 ============================================
  1.147614290332031E-199  8.361875373907161E-101  2.417740783685792E-118
  5.464006015279704E-258  1.448407351598006E-222  1.174254924145254E-272
  3.427008977062647E-206   1.00000000000000       1.986504640757714E-291
  9.143581641042833E-031
 END OF THE OPTIMAL PROPOSAL DENSITY WEIGHTS
 PMat^{1/2}= 
  9.701424893031445E-002
 ALPHA = ,There always are some values that we cannot choose!
   1.03460957121525     
  0.923305107323636     
  0.942138355733911     
   1.10646488126779     
   1.06224805456403     
   1.12530826479648     
   1.04241087162702     
  0.822822937309516     
   1.14989277426787     
  0.851776848300703     
 =======================The Weights Of New Scheme============================
  3.311882024995330E-002  7.969547102207614E-002  5.742529491815920E-002
  0.106290606837031       6.392168349557478E-002  0.126866359699106     
  4.334406388332524E-002  0.184621876375892       0.154735504577332     
  0.149980318941550     
 =======================END OF THE WEIGHTS OF NEW SCHEME=====================
 TEST OF SIR Weights:
 ===========================
  4.876666938565135E-297  0.000000000000000E+000  3.942227906040587E-276
  4.690941733640301E-300  6.754769324886512E-021  0.000000000000000E+000
  5.561207167897681E-071   1.00000000000000       5.104289917147085E-056
  2.671660506453723E-166
 END OF THE TEST
 TEST OF THE OPTIMAL PROPOSAL DENSITY WEIGHTS
 ============================================
  8.573397156500193E-264  0.000000000000000E+000  1.227252492624242E-280
  1.732799221650308E-271  2.037429604817086E-036  0.000000000000000E+000
  6.504953243805509E-040   1.00000000000000       2.802720766184665E-053
  6.986472205899479E-150
 END OF THE OPTIMAL PROPOSAL DENSITY WEIGHTS
 PMat^{1/2}= 
  9.701424893031445E-002
 ALPHA = ,There always are some values that we cannot choose!
   1.08008653007038     
   1.44032640523925     
   1.10123665722891     
   1.08969699258523     
  0.831324510182429     
   1.20496814479144     
  0.834677111285411     
  0.797857122630414     
  0.847620275125281     
  0.947333722889810     
 =======================The Weights Of New Scheme============================
  4.894527966781433E-002  0.264002665959578       6.218263971793239E-002
  5.388555600121336E-002  0.100548118582587       0.122906891459383     
  0.105510930450744       0.119343598899046       9.073542536746197E-002
  3.193889389423982E-002
 =======================END OF THE WEIGHTS OF NEW SCHEME=====================
 TEST OF SIR Weights:
 ===========================
  0.000000000000000E+000 NaN                      0.000000000000000E+000
  0.000000000000000E+000  0.000000000000000E+000  0.000000000000000E+000
  0.000000000000000E+000  0.000000000000000E+000  0.000000000000000E+000
  0.000000000000000E+000
 END OF THE TEST
 TEST OF THE OPTIMAL PROPOSAL DENSITY WEIGHTS
 ============================================
  0.000000000000000E+000 NaN                      0.000000000000000E+000
  0.000000000000000E+000  0.000000000000000E+000  0.000000000000000E+000
  0.000000000000000E+000  0.000000000000000E+000  0.000000000000000E+000
  0.000000000000000E+000
 END OF THE OPTIMAL PROPOSAL DENSITY WEIGHTS
 PMat^{1/2}= 
  9.701424893031445E-002
 ALPHA = ,There always are some values that we cannot choose!
  0.933820881351577     
  0.667767613042521     
   1.16374619983639     
  0.956243759781506     
   1.16587032730894     
   1.06061608465044     
  0.818675593991821     
  0.862896978161627     
   1.09371889960230     
   1.50833986851656     
 =======================The Weights Of New Scheme============================
  3.698306828407100E-002  0.195297556864433       9.365237851263504E-002
  2.529924330161865E-002  8.831405632831350E-002  3.602315264419938E-002
  0.105945370897025       7.750366150424762E-002  5.413792061616129E-002
  0.286843591047295     
 =======================END OF THE WEIGHTS OF NEW SCHEME=====================
 TEST OF SIR Weights:
 ===========================
  4.619976961623693E-257  0.000000000000000E+000  7.513674329442517E-138
  0.999999999999952       8.357564153066336E-116  4.539567288510514E-247
  4.789780461332948E-014  7.159567295440805E-131  2.178651742487581E-112
  3.837307933938852E-066
 END OF THE TEST
 TEST OF THE OPTIMAL PROPOSAL DENSITY WEIGHTS
 ============================================
  1.616172199428353E-229  1.017026343933463E-262  2.000824085852647E-122
  0.999999999848432       9.401488953453607E-088  2.480902338004357E-238
  1.515684029038732E-010  3.078308182262613E-148  4.190347004984258E-083
  1.075123602592373E-068
 END OF THE OPTIMAL PROPOSAL DENSITY WEIGHTS
 PMat^{1/2}= 
  9.701424893031445E-002
 ALPHA = ,There always are some values that we cannot choose!
   1.12760275788040     
   1.17153888257426     
  0.996803992404079     
  0.866483651887479     
  0.957797667077717     
   1.13910319077516     
  0.876334821458251     
   1.02687177577709     
  0.952684826482401     
  0.937010902291688     
 =======================The Weights Of New Scheme============================
  0.144544098503467       0.194939750611054       3.662978944962039E-003
  0.154994620762706       4.686464592175809E-002  0.151501749551184     
  0.144684523458992       3.121213189998314E-002  5.509018776671461E-002
  7.250531257917878E-002
 =======================END OF THE WEIGHTS OF NEW SCHEME=====================
 =================================================
 THE RMSE OF THE TRUTH RUN IS = 
  1.746163185486969E-003
 THE RMSE OF ENSEMBLE MEAN OF SIR IS = 
  0.257142543948532     
 THE RMSE OF ENSEMBLE MEAN OF OPD IS = 
  0.241947673390663     
 THE RMSE OF ENSEMBLE MEAN OF New IS = 
  0.266381465427260     
 =================================================
